Run
1	36
0	100
0	107
1	127
1	164
0	190
1	212
1	247
1	301
1	407
1	414
1	427
1	517
0	534
1	599
0	631
1	633
1	638
1	658
1	709
1	779
0	846
0	847
1	853
0	884
1	889
0	895
1	909
0	914
1	966
0	993
0	1056
1	1075
1	1186
1	1234
0	1247
1	1272
1	1388
0	1464
1	1474
0	1525
0	1566
0	1658
0	1768
1	1808
0	1841
1	1856
1	1858
1	1947
0	1978
1	2013
1	2024
0	2070
1	2114
1	2167
0	2235
1	2260
0	2290
1	2292
1	2326
0	2362
0	2424
0	2432
1	2463
1	2476
0	2478
0	2512
1	2535
1	2536
1	2546
1	2563
1	2593
0	2595
0	2612
1	2635
1	2667
1	2671
0	2690
1	2691
0	2707
0	2718
0	2735
0	2778
0	2781
1	2790
1	2823
1	2833
1	2837
0	2861
1	2869
1	2909
0	2932
0	2987
1	3017
1	3066
1	3067
0	3076
1	3078
1	3081
1	3270
1	3280
1	3283
0	3293
1	3312
1	3318
0	3352
0	3365
1	3448
1	3483
1	3491
1	3520
0	3659
1	3660
1	3679
0	3711
0	3742
0	3811
0	3852
1	3917
1	3947
0	3988
1	3996
0	4029
0	4065
0	4094
0	4126
1	4131
1	4175
1	4176
1	4242
1	4272
0	4312
0	4331
1	4340
0	4354
1	4363
0	4387
0	4389
0	4413
0	4427
1	4441
1	4450
1	4543
0	4546
1	4575
1	4596
1	4672
1	4728
0	4738
1	4750
0	4763
1	4876
0	4982
0	5000
0	5084
1	5143
1	5322
0	5334
1	5363
1	5382
1	5432
1	5464
1	5505
0	5526
1	5541
1	5542
1	5563
0	5643
1	5645
0	5647
0	5690
0	5748
0	5758
0	5801
1	5827
0	5838
0	5843
1	5908
0	5934
1	5936
1	5959
1	6259
1	6292
1	6355
1	6387
1	6408
0	6549
1	6568
1	6695
0	6699
0	6730
0	6769
1	6815
0	6838
0	6857
0	6878
1	6889
0	6902
0	6904
1	7003
1	7010
1	7011
1	7034
0	7100
1	7138
1	7188
1	7274
1	7309
0	7318
0	7339
1	7356
1	7360
0	7401
1	7402
1	7426
0	7496
1	7513
0	7538
0	7576
1	7590
0	7639
1	7681
1	7686
0	7700
1	7751
0	7804
0	7810
0	7848
1	7856
1	7861
0	7871
0	7874
0	7915
0	7977
1	8031
0	8095
0	8103
0	8148
1	8151
1	8159
0	8221
1	8251
0	8256
0	8266
0	8281
0	8301
0	8315
1	8322
0	8340
1	8366
1	8434
1	8494
1	8589
1	8596
1	8705
1	8706
0	8739
1	8790
0	8828
1	8931
0	8934
0	8972
0	8977
1	9012
1	9118
1	9141
0	9148
0	9197
1	9234
1	9264
0	9333
0	9351
1	9497
1	9500
0	9520
0	9526
0	9538
0	9566
1	9637
1	9715
1	9910
1	9911
1	9982
0	10026
1	10112
0	10170
0	10182
1	10205
1	10216
0	10225
1	10227
1	10344
0	10356
0	10498
1	10505
1	10541
0	10569
0	10580
1	10599
1	10686
0	10775
1	10812
1	10922
0	10938
1	10948
0	10955
0	10978
0	11029
1	11259
0	11263
1	11265
0	11346
0	11358
0	11363
1	11507
1	11540
1	11544
0	11555
1	11595
0	11625
1	11629
1	11674
0	11760
0	11793
0	11823
1	11872
1	11879
0	11942
1	11947
0	11982
0	12016
1	12073
1	12075
1	12105
1	12107
1	12168
1	12250
1	12285
1	12319
1	12334
1	12371
0	12394
1	12406
0	12454
0	12494
0	12500
1	12519
0	12635
1	12644
0	12653
1	12666
1	12729
0	12743
1	12832
1	12885
1	12922
0	12926
0	12977
0	12992
0	13012
0	13035
0	13094
0	13133
0	13137
0	13145
0	13163
0	13166
0	13196
1	13213
0	13219
1	13255
0	13264
0	13270
0	13322
1	13356
1	13454
0	13489
0	13538
0	13539
1	13554
0	13568
0	13600
1	13604
0	13624
0	13652
0	13677
1	13688
0	13709
1	13734
0	13736
1	13743
1	13751
1	13817
0	13880
0	13897
1	13956
1	14023
1	14202
0	14242
1	14309
1	14320
1	14503
0	14518
1	14571
1	14651
1	14734
0	14779
1	14798
1	14805
1	14836
0	14905
1	14908
1	14910
0	14951
1	15025
0	15072
1	15189
1	15198
0	15293
1	15332
1	15339
1	15354
1	15357
1	15411
0	15482
1	15507
0	15565
0	15614
1	15616
1	15624
0	15630
1	15634
1	15696
0	15764
0	15769
1	15892
0	15924
1	15944
0	16085
1	16112
0	16144
0	16164
0	16177
0	16184
1	16197
1	16258
1	16271
0	16290
1	16345
0	16364
0	16408
1	16529
1	16577
1	16810
0	16825
1	16857
1	16890
0	16972
1	17004
1	17168
1	17171
1	17241
1	17249
0	17275
1	17283
0	17420
0	17428
1	17443
0	17611
1	17613
1	17618
0	17751
1	17753
0	17768
1	17770
1	17837
0	17869
1	17910
1	17924
1	18006
1	18010
1	18024
0	18057
1	18106
1	18188
1	18242
1	18258
1	18303
1	18347
0	18396
0	18407
1	18422
1	18487
0	18521
0	18548
0	18582
1	18596
0	18608
1	18701
0	18727
0	18732
1	18746
0	18753
0	18833
1	18837
1	18903
1	18962
1	18987
0	19027
1	19119
1	19171
1	19191
1	19281
1	19293
0	19294
0	19339
0	19374
0	19378
0	19410
0	19427
1	19443
1	19495
0	19573
1	19586
1	19638
1	19659
0	19706
0	19778
1	19820
0	19822
1	19888
0	19894
1	19972
1	20006
1	20008
0	20044
1	20065
0	20066
1	20083
0	20111
0	20165
0	20166
0	20191
1	20230
1	20273
0	20314
1	20328
1	20335
1	20349
1	20352
0	20372
0	20583
0	20631
1	20637
1	20643
1	20691
0	20700
1	20720
1	20770
1	20798
1	20802
1	20809
1	20825
0	20848
1	20907
1	20990
1	20993
0	21005
1	21011
1	21017
0	21026
0	21028
0	21073
1	21080
0	21134
0	21158
1	21197
0	21201
1	21207
0	21226
0	21234
0	21271
0	21344
0	21424
1	21428
1	21436
0	21456
0	21525
0	21530
1	21540
1	21548
1	21599
0	21603
0	21619
1	21642
1	21657
0	21658
0	21677
1	21682
0	21702
0	21727
1	21753
0	21785
0	21809
0	21850
1	21866
1	21972
0	21981
1	21991
0	22064
1	22071
0	22081
1	22084
1	22089
1	22091
1	22111
1	22116
0	22123
1	22250
1	22272
1	22307
1	22393
0	22411
0	22475
1	22497
1	22503
1	22554
0	22602
1	22644
1	22665
1	22675
1	22678
0	22679
0	22696
0	22721
1	22754
0	22831
0	22907
1	22940
1	23053
1	23058
1	23066
1	23175
1	23183
1	23184
1	23333
1	23349
1	23384
0	23408
0	23414
1	23416
0	23629
1	23631
0	23651
1	23730
0	23790
0	23795
0	23825
0	23878
0	23929
1	23945
1	23952
1	24015
1	24024
1	24034
0	24056
1	24076
0	24080
0	24142
1	24167
0	24248
0	24252
1	24382
0	24423
1	24507
0	24521
1	24524
1	24539
1	24676
1	24687
0	24805
0	24826
0	24886
1	24888
0	24922
0	24925
1	24961
1	24973
0	25061
1	25074
0	25095
1	25099
1	25161
0	25233
1	25269
1	25356
0	25388
0	25411
1	25430
1	25519
0	25591
0	25612
0	25619
0	25665
1	25670
1	25778
0	25832
0	25837
1	25881
1	26031
1	26116
1	26117
0	26136
1	26185
0	26189
1	26195
0	26273
1	26445
0	26449
0	26465
1	26491
1	26596
1	26738
1	26780
1	26791
0	26854
1	26888
0	26933
1	26934
1	26981
0	26986
1	26988
1	27010
1	27070
1	27086
1	27155
0	27246
0	27299
1	27343
0	27354
0	27376
0	27443
0	27445
0	27459
0	27478
1	27563
0	27613
0	27632
0	27648
1	27657
1	27671
1	27709
0	27746
1	27868
0	27945
1	27973
1	28010
1	28020
1	28061
1	28102
0	28110
0	28123
1	28167
0	28261
0	28293
1	28297
0	28370
1	28435
1	28449
0	28468
1	28564
1	28612
0	28804
1	28871
0	28972
1	29033
1	29112
1	29232
1	29245
1	29261
1	29327
0	29331
0	29358
1	29368
1	29431
1	29437
1	29514
0	29548
0	29614
1	29623
1	29624
0	29659
0	29674
0	29683
1	29703
0	29777
0	29809
1	29814
0	29823
1	29825
0	29950
0	30073
1	30117
0	30147
1	30175
1	30189
1	30190
0	30201
0	30215
0	30294
1	30326
0	30338
1	30351
1	30382
0	30389
1	30458
0	30526
0	30535
0	30571
1	30620
1	30667
1	30689
0	30706
0	30753
0	30787
1	30796
1	30820
0	30877
1	30890
1	30932
0	30951
1	31053
1	31190
1	31270
1	31289
0	31322
1	31365
1	31405
0	31413
0	31464
1	31539
1	31568
0	31573
0	31596
1	31655
1	31859
1	31940
0	31946
1	31985
1	32055
1	32056
1	32065
1	32106
1	32205
1	32254
0	32258
1	32369
1	32477
0	32520
0	32618
0	32619
1	32715
1	32761
1	32809
0	32854
0	32888
0	33113
1	33167
1	33225
1	33244
1	33296
1	33316
0	33386
1	33439
1	33442
0	33476
1	33540
1	33648
1	33718
0	33793
1	33854
1	33889
1	33913
0	33928
1	33935
0	33969
0	33984
1	34065
1	34124
0	34219
0	34221
0	34257
0	34272
1	34301
0	34336
1	34370
0	34375
0	34467
0	34499
0	34500
0	34515
0	34529
1	34608
0	34644
1	34735
0	34762
0	34783
0	34784
0	34829
0	34852
0	34882
0	34893
0	34905
0	34916
0	34927
0	34955
1	35016
1	35069
1	35071
0	35078
0	35130
0	35142
0	35160
0	35400
1	35470
0	35472
0	35581
1	35582
1	35606
0	35684
0	35745
0	35774
1	35876
1	35896
0	35918
1	35937
1	35945
1	35959
1	35966
0	36132
1	36367
0	36412
0	36428
1	36522
0	36545
0	36607
1	36628
0	36634
1	36708
0	36733
1	36759
0	36816
1	36819
0	36860
0	36883
1	36911
1	36967
0	37038
0	37044
1	37075
0	37191
0	37229
0	37264
1	37300
1	37319
1	37397
1	37421
0	37455
1	37480
1	37486
0	37597
0	37633
1	37672
0	37764
0	37855
0	37954
0	37962
1	37972
1	38017
1	38043
1	38065
1	38087
0	38107
0	38120
1	38122
1	38248
1	38256
1	38272
1	38423
0	38426
1	38489
1	38492
1	38612
1	38650
1	38671
1	38709
1	38752
1	38760
1	38763
1	38766
1	38768
0	38771
1	38809
0	38837
1	38852
0	38921
1	38926
1	38951
0	38984
1	39012
1	39027
0	39052
1	39091
0	39151
0	39166
0	39230
1	39290
1	39297
0	39380
1	39407
1	39415
1	39463
0	39513
0	39570
1	39573
1	39574
0	39610
0	39776
0	39826
1	39874
0	39927
0	40034
1	40085
1	40088
1	40167
1	40271
0	40308
1	40423
1	40485
0	40501
1	40507
1	40526
0	40598
1	40614
0	40760
0	40799
1	40869
0	40921
0	40927
1	40993
0	41080
0	41116
1	41161
1	41163
0	41220
1	41240
1	41250
0	41277
0	41300
1	41385
0	41447
0	41471
0	41488
0	41586
1	41604
1	41632
0	41659
1	41697
1	41762
0	41855
0	41914
1	41915
1	41937
0	41977
0	41984
0	42034
1	42083
1	42146
1	42165
1	42249
1	42366
1	42399
1	42463
1	42515
0	42538
0	42645
1	42658
1	42785
1	42855
1	42964
0	43027
1	43047
0	43057
1	43080
1	43148
0	43179
1	43180
0	43189
1	43277
1	43362
0	43366
1	43405
1	43463
1	43483
0	43489
0	43616
1	43666
0	43689
0	43692
0	43735
1	43844
1	43867
1	43869
0	43885
1	44075
0	44076
0	44158
1	44244
0	44422
0	44479
0	44482
0	44523
1	44561
0	44708
0	44719
0	44751
0	44801
1	44838
0	44914
0	44934
1	44970
1	45074
1	45076
0	45137
1	45171
1	45193
0	45286
1	45342
0	45350
1	45374
1	45403
0	45423
1	45435
1	45554
0	45577
1	45581
0	45587
1	45650
1	45689
0	45725
1	45749
1	45808
0	45829
1	45867
1	45871
1	45938
0	45960
1	46084
1	46099
0	46160
0	46208
1	46214
0	46229
1	46267
1	46269
1	46271
1	46283
1	46299
1	46347
0	46348
1	46381
0	46392
1	46424
0	46441
1	46443
0	46450
0	46564
0	46585
0	46600
1	46654
1	46657
1	46901
0	46930
1	46959
0	47041
1	47096
0	47104
1	47259
1	47292
0	47360
1	47361
0	47373
0	47382
0	47421
0	47490
0	47518
1	47610
1	47636
1	47678
1	47679
1	47695
1	47713
0	47720
1	47728
1	47762
1	47773
0	47790
1	47843
1	47855
1	47879
1	47909
1	47929
0	47958
0	48004
1	48012
1	48036
0	48107
0	48113
0	48140
0	48153
1	48170
1	48195
1	48220
1	48231
1	48244
0	48325
0	48357
0	48383
0	48400
1	48445
1	48446
1	48455
0	48539
1	48606
1	48612
1	48708
0	48743
1	48750
1	48796
0	48861
1	48902
0	48910
1	48945
1	48951
0	49056
0	49087
1	49113
1	49132
0	49176
0	49238
1	49242
0	49321
1	49374
0	49381
0	49432
0	49467
1	49473
0	49504
0	49547
1	49590
0	49619
0	49658
1	49707
1	49728
1	49783
0	49838
0	49872
1	49893
0	49936
1	50030
1	50113
0	50117
0	50119
1	50127
1	50204
0	50235
0	50278
1	50430
0	50505
0	50519
0	50542
1	50543
1	50583
1	50596
1	50679
1	50738
1	50742
0	50743
1	50761
0	50771
0	50794
1	50834
0	50873
0	50908
1	50926
0	50946
1	50964
1	51003
0	51033
0	51091
1	51148
1	51203
1	51219
0	51237
1	51341
1	51420
0	51475
0	51497
1	51558
1	51576
1	51621
1	51641
1	51676
1	51703
1	51770
1	51786
0	51827
0	51837
0	52037
1	52053
1	52096
1	52135
1	52167
1	52244
0	52266
0	52369
0	52435
1	52444
0	52506
0	52610
0	52636
1	52642
1	52819
1	52855
1	52857
1	53021
0	53055
0	53133
1	53149
0	53179
1	53215
1	53239
1	53244
0	53270
0	53347
1	53402
0	53534
0	53549
0	53736
1	53738
1	53749
1	53753
0	53793
1	53795
0	53803
1	53875
1	53920
0	53921
1	53938
1	53943
1	53971
1	53999
1	54142
1	54146
1	54163
1	54164
0	54167
0	54246
1	54311
0	54481
1	54509
1	54518
1	54556
1	54584
0	54614
1	54641
1	54719
1	54723
0	54734
1	54822
1	54844
1	54849
1	54852
1	54898
1	54925
1	54937
1	54943
0	54967
0	54992
0	55034
0	55077
0	55078
1	55155
1	55186
0	55244
1	55281
1	55307
0	55317
1	55369
0	55428
1	55449
0	55462
0	55477
0	55482
0	55527
1	55551
1	55582
0	55590
1	55665
1	55669
1	55716
1	55815
0	55819
1	55948
0	55971
0	56005
0	56011
0	56024
0	56030
0	56032
1	56055
1	56080
1	56107
1	56112
0	56170
1	56210
0	56228
0	56356
1	56385
1	56412
1	56427
0	56592
1	56601
1	56605
1	56655
1	56713
1	56748
1	56903
1	56923
0	56961
1	56983
0	56985
0	57031
0	57041
0	57055
1	57057
1	57069
1	57175
1	57178
0	57184
0	57229
1	57297
0	57362
0	57399
1	57408
1	57434
1	57438
1	57451
0	57484
0	57511
0	57528
1	57586
1	57632
0	57644
1	57699
1	57965
1	57992
1	58015
1	58067
1	58070
1	58077
0	58151
1	58191
1	58193
1	58242
0	58325
0	58338
0	58371
1	58474
1	58490
0	58497
1	58516
1	58523
1	58543
0	58593
1	58616
0	58684
1	58723
1	58776
0	58784
1	58792
1	58912
1	58941
0	58946
1	58993
1	59025
1	59029
0	59053
0	59064
1	59069
1	59108
1	59162
1	59212
0	59225
0	59234
0	59271
1	59288
1	59384
0	59410
0	59476
1	59478
1	59480
1	59548
1	59571
0	59579
1	59588
0	59611
0	59649
1	59692
1	59702
1	59742
1	59782
1	59784
1	59815
1	59924
0	59988
1	60188
0	60192
1	60274
1	60287
1	60302
1	60566
0	60596
1	60603
1	60628
1	60643
1	60667
0	60675
0	60676
1	60725
0	60752
1	60796
1	60861
1	60895
1	60910
1	60995
1	61040
1	61075
0	61079
0	61116
0	61183
1	61253
0	61300
0	61348
1	61385
1	61392
0	61435
1	61447
1	61494
1	61562
0	61570
0	61641
0	61676
1	61788
1	61924
0	61936
0	61974
0	61987
0	61998
1	62010
1	62035
1	62062
0	62102
0	62158
1	62285
1	62326
1	62357
0	62424
0	62451
0	62471
0	62477
0	62605
1	62610
1	62684
1	62735
1	62751
1	62768
1	62829
1	62834
0	62846
1	62849
1	62868
1	62909
1	62920
0	62930
0	62932
1	62941
0	62946
1	62959
1	63085
1	63095
1	63109
0	63131
0	63209
1	63217
0	63233
1	63267
0	63272
1	63274
0	63277
1	63293
0	63303
0	63326
1	63382
1	63426
1	63476
1	63545
1	63640
0	63664
1	63674
1	63715
1	63772
0	63786
0	63789
1	63898
1	63915
1	63926
0	64040
1	64094
1	64119
0	64146
1	64164
1	64193
0	64206
0	64248
0	64272
0	64333
0	64343
0	64381
1	64478
0	64483
1	64550
0	64566
1	64601
1	64629
1	64691
1	64713
1	64752
1	64779
1	64798
0	64802
1	64846
1	64872
1	64884
0	64901
1	64914
0	64926
0	64952
1	64969
0	64976
0	65019
1	65020
1	65021
1	65095
1	65126
1	65129
1	65156
1	65200
0	65267
1	65340
1	65374
1	65399
1	65400
0	65404
1	65416
1	65440
0	65506
1	65524
1	65611
1	65630
0	65640
0	65661
1	65667
1	65678
0	65695
1	65766
1	65812
1	65834
0	65867
1	65869
0	65873
1	65888
1	65890
1	65901
1	65911
0	65942
1	65970
1	66014
1	66083
1	66105
0	66107
1	66130
0	66153
0	66173
0	66180
0	66200
1	66292
1	66327
1	66353
1	66385
0	66403
1	66438
0	66474
0	66487
0	66496
1	66602
1	66627
1	66672
0	66768
0	66769
1	66824
0	66872
1	66920
1	66933
1	66935
1	66960
1	66963
1	67005
1	67057
1	67058
1	67112
0	67159
1	67186
0	67226
0	67227
0	67233
0	67268
0	67357
1	67416
1	67431
1	67439
1	67445
1	67452
1	67461
0	67464
0	67470
1	67472
1	67474
0	67481
0	67502
1	67504
1	67509
0	67520
0	67549
0	67592
1	67607
0	67641
1	67642
0	67660
0	67674
1	67727
1	67782
1	67969
1	68015
0	68016
1	68087
0	68132
1	68209
1	68276
0	68340
0	68365
1	68374
0	68413
1	68541
1	68559
0	68572
0	68575
1	68579
1	68584
0	68631
1	68661
1	68744
0	68785
1	68847
1	68972
0	69018
1	69020
0	69050
0	69052
0	69070
1	69233
0	69275
0	69301
0	69312
0	69337
0	69344
1	69345
0	69360
1	69381
0	69428
1	69437
0	69571
0	69585
1	69632
0	69639
0	69697
0	69698
1	69714
1	69728
0	69751
1	69839
0	69864
0	69883
0	69909
1	69916
0	69997
0	70038
0	70039
0	70169
1	70219
0	70330
1	70359
0	70375
0	70409
0	70421
1	70465
0	70472
0	70527
0	70539
1	70710
0	70730
1	70733
1	70778
0	70884
1	70901
1	70977
1	71112
0	71135
1	71238
1	71279
1	71298
0	71327
0	71335
0	71337
1	71408
1	71410
1	71440
1	71476
0	71550
1	71566
0	71625
1	71648
1	71791
1	71832
0	71841
1	71862
0	71883
1	71900
1	71919
0	71945
1	71961
1	71984
1	72009
1	72039
0	72095
0	72125
1	72140
0	72180
1	72216
0	72226
0	72258
1	72265
1	72278
1	72304
1	72327
1	72328
0	72369
1	72474
1	72587
0	72594
1	72607
1	72614
0	72634
1	72676
1	72686
0	72736
1	72745
0	72778
0	72802
1	72824
1	72839
0	72923
1	72970
0	72992
0	72993
1	73102
0	73118
0	73167
1	73168
1	73169
0	73191
1	73290
0	73343
1	73348
0	73445
0	73451
1	73470
1	73482
1	73499
1	73504
1	73557
0	73558
1	73630
1	73662
0	73675
0	73689
1	73694
1	73706
0	73843
1	73861
1	73873
0	73939
1	73949
1	73978
1	74046
1	74073
0	74123
0	74270
1	74276
1	74280
1	74332
1	74360
1	74494
0	74556
1	74622
1	74688
1	74697
0	74815
1	74826
1	74827
0	74850
0	74866
0	75027
0	75079
0	75107
0	75175
0	75275
1	75332
1	75349
0	75368
0	75415
1	75426
1	75476
0	75484
0	75510
1	75516
1	75615
1	75651
1	75683
1	75771
1	75808
1	75866
0	75873
1	75980
0	76037
1	76051
0	76083
1	76128
1	76132
1	76148
1	76190
1	76210
1	76251
0	76264
1	76301
1	76382
1	76394
0	76403
0	76513
1	76635
1	76820
1	76852
1	76863
1	76934
1	76979
0	77040
0	77043
1	77094
0	77127
1	77147
1	77211
1	77282
1	77355
0	77390
0	77426
0	77494
0	77521
0	77554
1	77563
1	77565
1	77656
0	77657
0	77674
1	77722
1	77741
1	77825
1	77925
1	77947
1	78000
1	78015
1	78065
1	78085
0	78128
0	78163
1	78279
0	78293
1	78294
1	78395
0	78414
0	78419
1	78423
1	78460
1	78465
0	78544
0	78557
0	78662
0	78689
1	78752
1	78775
0	78805
1	78807
1	78810
0	78817
1	78848
1	78890
0	78960
1	78966
1	79021
1	79026
0	79027
0	79078
0	79132
1	79155
1	79192
1	79242
0	79300
0	79368
1	79379
0	79384
0	79410
1	79416
0	79432
1	79455
0	79457
1	79495
0	79504
0	79523
0	79553
1	79568
1	79571
1	79638
0	79712
1	79791
1	79794
1	79812
0	79965
1	79977
0	80175
1	80188
1	80236
0	80261
0	80274
0	80290
0	80339
1	80395
0	80423
0	80436
1	80447
1	80464
1	80469
1	80531
1	80587
0	80652
1	80715
0	80748
1	80750
0	80769
0	80801
0	80864
1	80865
0	80948
1	80964
1	80998
0	81013
0	81035
0	81045
0	81055
1	81066
1	81067
1	81072
1	81097
1	81120
1	81123
1	81125
0	81133
1	81153
0	81203
1	81252
0	81376
1	81380
0	81513
0	81536
0	81557
0	81801
1	81808
0	81937
1	81995
0	82009
1	82069
1	82077
0	82309
1	82365
1	82370
0	82399
1	82402
1	82450
1	82551
0	82573
1	82627
0	82669
1	82682
1	82706
1	82739
0	82811
1	82820
1	82850
1	82868
1	82940
1	83033
1	83209
1	83212
0	83218
1	83221
1	83286
1	83290
0	83299
0	83379
1	83388
1	83410
1	83545
1	83690
0	83702
1	83703
1	83723
1	83762
1	83768
0	83805
1	83837
1	83839
1	83860
0	83893
1	83951
1	83970
0	83971
1	83981
1	83987
1	84018
0	84051
0	84106
1	84153
1	84226
0	84231
0	84233
1	84244
0	84261
1	84298
0	84301
1	84312
0	84322
1	84381
0	84388
1	84400
0	84420
1	84438
1	84554
0	84559
1	84586
0	84691
1	84735
0	84744
0	84790
0	84841
1	84966
0	84991
0	85050
1	85128
1	85138
1	85150
0	85165
0	85183
1	85252
0	85310
0	85383
1	85409
1	85439
0	85448
1	85499
1	85508
0	85516
1	85560
1	85608
0	85647
1	85681
0	85740
0	85801
0	85848
1	85899
1	86048
1	86080
1	86197
1	86226
0	86263
1	86278
0	86334
0	86368
1	86452
1	86518
1	86553
1	86562
0	86603
1	86699
1	86753
1	86755
0	86839
1	86917
1	86923
1	87013
0	87159
0	87231
1	87254
0	87255
1	87260
0	87312
0	87330
1	87338
1	87369
1	87371
0	87551
0	87620
1	87634
0	87675
0	87751
1	87856
1	87865
0	87877
1	87969
1	88006
1	88047
0	88089
0	88114
1	88140
1	88145
0	88149
1	88150
1	88177
0	88266
0	88280
1	88282
0	88313
1	88461
0	88472
0	88487
0	88502
1	88569
1	88636
1	88653
1	88656
0	88766
1	88801
1	88831
0	88860
1	88968
1	88992
1	89029
0	89112
0	89145
1	89200
0	89203
1	89248
1	89253
0	89302
1	89337
0	89389
0	89421
0	89442
0	89461
0	89488
0	89497
1	89629
0	89721
1	89722
0	89747
1	89843
1	89845
1	89874
0	89948
1	89955
1	89978
1	90001
0	90004
1	90021
0	90025
0	90051
1	90063
1	90105
0	90157
1	90182
0	90189
1	90201
1	90205
0	90218
0	90264
1	90265
1	90272
1	90423
0	90465
1	90472
0	90494
0	90531
1	90611
0	90619
1	90742
1	90771
0	90773
0	90777
0	90803
0	90846
1	90859
0	90869
0	90874
1	90890
1	90912
0	90978
1	91014
1	91028
1	91045
1	91066
0	91190
1	91195
0	91330
1	91345
1	91364
0	91414
1	91441
1	91468
0	91521
1	91552
1	91588
0	91670
0	91695
1	91724
0	91846
0	91865
1	91928
1	91957
1	91959
0	92050
0	92121
1	92137
0	92212
0	92290
1	92322
0	92534
1	92587
1	92595
0	92721
0	92805
0	92889
1	92937
0	92954
0	92956
0	92978
0	92998
1	93007
1	93067
1	93074
1	93136
1	93142
1	93173
0	93184
0	93189
0	93190
1	93257
1	93320
0	93333
0	93349
0	93354
1	93372
0	93412
0	93424
1	93462
0	93493
1	93516
1	93575
1	93590
1	93601
0	93622
0	93648
1	93673
0	93737
0	93742
1	93752
0	93765
0	93778
0	93795
1	93804
0	93813
0	93825
0	93862
1	93909
1	94004
1	94014
1	94102
1	94103
0	94140
1	94180
0	94259
1	94328
0	94332
1	94383
1	94426
1	94439
0	94463
0	94486
1	94495
1	94523
1	94525
0	94526
0	94559
0	94595
0	94599
0	94686
0	94691
1	94722
0	94787
0	94897
0	94945
1	95014
0	95154
1	95237
0	95242
1	95293
0	95335
1	95347
0	95359
0	95752
0	95770
1	95830
1	95857
0	95858
0	95871
0	95877
0	95894
1	95966
1	95981
1	96005
1	96018
1	96079
0	96088
1	96149
0	96225
1	96243
0	96258
0	96272
1	96288
0	96322
1	96479
1	96513
1	96596
0	96598
0	96628
1	96650
0	96797
0	96858
0	96903
0	96911
0	96968
0	97061
0	97122
0	97160
0	97167
0	97170
0	97186
1	97238
0	97248
1	97256
1	97291
0	97372
1	97399
0	97454
0	97469
0	97485
0	97518
1	97552
1	97610
1	97619
0	97651
0	97684
1	97742
1	97838
0	97920
1	97950
0	97979
0	97984
0	98016
1	98038
1	98090
1	98201
1	98206
1	98236
1	98247
1	98278
1	98332
1	98354
1	98396
1	98488
1	98498
1	98576
1	98620
1	98629
1	98643
1	98654
0	98736
0	98737
1	98743
1	98780
0	98893
0	98968
1	99008
0	99157
0	99160
0	99265
1	99371
1	99423
0	99462
1	99474
1	99567
1	99660
0	99847
1	99869
0	99927
0	100048
1	100068
0	100100
0	100151
1	100203
0	100234
1	100306
1	100424
0	100429
0	100467
1	100483
1	100488
0	100520
1	100574
0	100582
1	100583
1	100586
0	100625
0	100634
1	100662
1	100676
1	100698
0	100705
0	100797
1	101067
1	101102
0	101113
0	101177
1	101178
1	101256
0	101259
0	101284
1	101383
1	101480
0	101664
1	101699
1	101725
0	102022
1	102064
1	102158
0	102225
1	102272
1	102299
1	102325
1	102349
1	102365
1	102422
1	102424
1	102472
0	102486
1	102560
0	102625
0	102648
0	102695
0	102742
1	102768
1	102789
1	102800
1	102863
0	102877
1	102910
1	102968
1	102976
0	103023
1	103069
0	103073
1	103089
1	103121
0	103192
0	103222
0	103255
0	103289
1	103297
1	103392
0	103513
1	103515
0	103542
1	103640
1	103818
1	103820
1	103982
1	104030
1	104038
0	104055
0	104077
1	104087
1	104143
1	104194
1	104226
0	104246
1	104279
1	104281
0	104342
0	104400
1	104404
0	104421
0	104475
1	104563
0	104648
0	104706
0	104738
1	104776
1	104802
0	104819
1	104837
0	104881
1	104882
1	104920
1	104937
1	104957
1	104983
1	105021
1	105061
0	105069
1	105110
0	105117
1	105121
1	105131
0	105152
0	105234
0	105250
1	105251
1	105302
0	105345
1	105347
1	105355
1	105356
1	105367
1	105380
0	105443
1	105482
1	105569
1	105655
1	105706
1	105718
1	105721
1	105787
1	105957
0	105992
0	106018
1	106052
0	106107
0	106149
1	106293
0	106333
0	106477
0	106491
0	106536
1	106558
0	106654
1	106724
0	106739
1	106824
1	106848
1	106970
0	107024
1	107109
0	107145
1	107230
1	107248
0	107258
0	107296
0	107605
1	107647
1	107693
1	107704
1	107713
0	107715
0	107730
1	107747
0	107748
0	107756
1	107791
1	107844
1	107867
1	107988
0	108033
1	108044
1	108092
0	108168
0	108244
0	108247
1	108327
0	108347
0	108353
1	108388
0	108403
1	108466
1	108477
0	108516
1	108554
1	108639
1	108652
1	108708
1	108713
0	108872
0	108902
1	108906
0	108925
0	108966
1	109000
0	109003
1	109010
1	109114
1	109155
0	109170
0	109187
0	109192
1	109259
1	109559
1	109563
0	109591
0	109597
0	109602
0	109617
1	109666
1	109703
1	109823
1	109857
1	109903
1	109917
0	109929
1	109933
1	110047
0	110111
1	110112
1	110145
1	110228
1	110360
0	110391
1	110405
1	110412
0	110444
1	110459
0	110491
1	110493
1	110499
0	110504
0	110514
0	110518
1	110564
1	110568
1	110598
1	110667
1	110730
0	110808
1	110836
1	110849
1	110949
1	111041
0	111049
1	111073
1	111094
1	111099
0	111148
1	111189
0	111194
0	111222
1	111228
0	111233
0	111258
1	111268
1	111275
1	111305
0	111347
1	111410
0	111548
0	111583
0	111618
1	111668
0	111685
0	111769
1	111772
1	111881
0	111913
1	111914
0	111922
0	112039
1	112080
1	112091
0	112197
0	112204
1	112213
0	112223
0	112243
0	112283
1	112311
1	112360
0	112364
0	112370
1	112382
1	112385
0	112429
1	112433
1	112483
1	112489
1	112552
1	112573
0	112641
1	112741
1	112764
1	112800
0	112812
0	112826
1	112840
0	112849
1	112862
1	112882
1	112894
1	112956
1	112983
1	113001
1	113034
1	113131
1	113158
1	113167
0	113172
1	113186
1	113206
0	113422
0	113432
1	113446
0	113461
0	113500
0	113501
1	113525
1	113639
1	113703
0	113742
1	113799
0	113819
1	113834
1	113946
1	114048
1	114116
1	114146
1	114204
0	114226
1	114230
0	114261
1	114320
0	114321
1	114340
0	114349
1	114356
1	114489
1	114497
1	114507
0	114513
1	114675
0	114693
1	114817
1	114847
1	114861
1	114912
0	114957
0	114987
1	115138
0	115156
1	115169
1	115176
1	115185
0	115284
0	115317
1	115399
0	115546
1	115587
0	115708
0	115744
1	115752
0	115786
0	115796
0	115843
1	115845
1	115875
0	115937
1	116025
1	116034
0	116063
0	116077
1	116135
1	116140
1	116161
1	116202
1	116225
1	116254
0	116271
1	116376
1	116423
0	116433
1	116442
1	116488
1	116555
0	116574
1	116607
0	116641
1	116699
1	116805
0	116847
0	116884
1	116933
0	116997
0	116999
1	117019
0	117135
0	117151
0	117180
0	117265
1	117306
0	117347
1	117415
0	117430
1	117471
1	117587
1	117746
0	117805
1	117806
1	117867
1	117874
1	117916
0	117952
1	117965
0	117970
0	118030
1	118037
0	118060
1	118067
1	118072
1	118075
1	118085
1	118117
1	118230
1	118255
1	118279
1	118302
1	118303
1	118360
0	118375
0	118388
0	118390
0	118393
1	118493
0	118522
1	118554
1	118671
0	118678
0	118688
1	118756
0	118776
0	118815
1	118832
1	118850
0	118892
1	118897
0	118961
1	118988
1	119005
0	119024
1	119084
1	119147
0	119204
0	119207
1	119325
1	119371
0	119402
1	119624
1	119670
0	119717
1	119719
0	119761
0	119767
0	119828
0	119869
1	119938
1	120034
1	120070
0	120111
0	120128
1	120139
0	120145
1	120343
1	120360
0	120410
0	120413
0	120434
1	120475
1	120489
0	120516
1	120545
1	120557
1	120570
0	120574
0	120591
0	120611
0	120614
1	120692
0	120697
1	120705
1	120711
0	120751
0	120823
1	120869
1	120893
1	120957
1	120995
1	121090
1	121244
1	121331
1	121451
1	121465
0	121490
0	121520
1	121527
0	121545
1	121584
0	121894
0	121934
0	121961
0	122032
1	122036
1	122163
0	122246
1	122247
1	122258
1	122374
0	122418
0	122443
0	122491
0	122536
1	122613
0	122643
0	122665
0	122696
1	122702
1	122735
1	122831
1	122841
0	122893
1	122939
0	122964
1	123125
0	123147
1	123168
0	123171
1	123203
1	123211
0	123288
0	123325
1	123346
0	123392
1	123459
0	123569
0	123589
0	123592
1	123677
1	123710
0	123778
0	123815
1	123829
0	123846
0	123886
0	123914
1	123921
1	124031
1	124123
1	124222
1	124225
1	124265
1	124305
0	124312
0	124323
1	124336
0	124344
1	124467
0	124624
1	124723
0	124823
1	124877
0	124888
0	124898
0	124924
1	124998
1	125047
1	125128
1	125142
1	125155
1	125177
0	125192
0	125206
1	125257
0	125283
1	125301
0	125313
1	125382
0	125445
1	125463
0	125503
0	125558
0	125612
0	125731
1	125733
0	125776
1	125784
0	125805
0	125844
1	125847
1	125953
1	126020
0	126044
1	126051
1	126108
0	126121
1	126122
1	126175
0	126233
1	126267
1	126277
0	126385
1	126386
1	126391
1	126402
1	126403
1	126586
1	126590
1	126666
1	126669
1	126710
1	126769
1	126773
1	126833
0	126837
1	126938
0	126978
1	127000
1	127005
1	127052
0	127097
1	127133
1	127304
0	127330
1	127360
1	127362
1	127383
0	127418
0	127458
1	127474
1	127510
0	127525
0	127526
1	127554
0	127578
1	127696
0	127699
0	127772
1	127789
0	127822
0	127879
0	127998
1	128021
1	128078
1	128265
0	128295
1	128298
1	128334
1	128408
1	128553
1	128640
1	128650
1	128696
0	128714
0	128767
1	128801
0	128836
0	128838
0	128871
1	128895
1	128943
0	128974
0	128983
1	128987
0	129076
0	129100
1	129107
1	129132
1	129143
0	129186
0	129246
1	129260
1	129287
0	129300
1	129327
1	129333
1	129336
1	129429
1	129435
1	129472
1	129486
1	129499
1	129524
1	129531
0	129541
1	129556
1	129567
1	129592
0	129665
1	129718
1	129810
0	129833
1	129872
0	129882
1	129920
0	130015
0	130026
0	130110
1	130128
0	130131
0	130141
0	130171
0	130213
0	130246
0	130294
1	130335
0	130341
0	130398
0	130400
0	130414
1	130431
1	130454
1	130499
0	130500
0	130637
0	130656
1	130754
0	130780
1	130842
0	130904
1	130905
1	130962
1	130972
1	130993
1	131006
1	131063
1	131120
0	131134
0	131165
0	131169
0	131319
1	131361
1	131375
0	131411
1	131456
0	131457
1	131464
1	131469
1	131513
1	131656
1	131668
0	131672
0	131676
0	131715
1	131786
1	131811
0	132011
0	132057
0	132064
1	132125
1	132201
1	132205
0	132225
1	132311
0	132312
0	132330
0	132359
0	132425
1	132475
1	132536
1	132626
1	132637
1	132751
0	132777
0	132813
1	132934
1	132944
1	132979
1	133232
1	133255
0	133278
1	133339
1	133389
1	133406
0	133435
1	133485
0	133503
1	133596
0	133654
1	133714
0	133731
0	133753
1	133823
1	133830
1	133857
1	133947
0	133960
1	133968
0	134029
0	134030
0	134068
1	134084
0	134098
1	134125
0	134146
1	134189
0	134228
1	134285
1	134324
0	134399
1	134404
1	134406
1	134414
0	134458
1	134505
1	134514
1	134555
1	134641
0	134687
1	134718
1	134805
0	134843
0	134854
1	134884
1	134904
0	134983
1	135027
0	135050
0	135082
1	135084
1	135135
0	135226
1	135296
0	135304
0	135331
1	135344
1	135356
1	135358
1	135385
0	135399
1	135483
1	135572
0	135575
0	135638
1	135669
1	135674
0	135708
1	135711
1	135742
1	135760
0	135795
1	136013
1	136071
0	136076
0	136092
1	136136
0	136144
1	136179
0	136200
0	136272
0	136299
1	136311
0	136312
1	136357
1	136391
1	136471
1	136503
1	136518
0	136552
0	136575
1	136584
1	136685
0	136731
0	136744
0	136797
1	136803
0	136819
0	136867
1	136892
0	136906
1	136915
1	136996
0	137002
1	137079
0	137116
0	137128
0	137129
1	137153
1	137161
0	137172
1	137235
1	137360
1	137396
1	137422
1	137450
1	137489
1	137511
1	137543
1	137681
0	137730
0	137813
0	137853
1	137857
0	137904
0	137928
1	137936
0	137940
0	137962
1	137999
1	138050
1	138102
1	138150
1	138171
1	138174
0	138223
1	138227
0	138231
1	138263
1	138277
1	138300
0	138326
0	138436
1	138441
1	138463
1	138488
0	138533
1	138553
0	138572
0	138629
0	138772
0	138778
0	138827
0	138888
1	138928
1	139042
1	139056
1	139194
1	139196
1	139252
0	139261
1	139283
0	139286
1	139294
1	139304
0	139351
1	139383
0	139411
0	139423
1	139464
1	139496
0	139510
1	139544
0	139574
0	139577
0	139595
0	139602
1	139663
1	139681
1	139691
0	139694
1	139754
0	139838
0	139847
0	139890
0	139908
0	139927
0	139934
1	139976
0	140005
1	140039
1	140207
1	140213
0	140285
1	140314
1	140357
1	140378
1	140393
1	140418
0	140447
1	140455
0	140479
1	140483
1	140487
0	140552
1	140598
1	140616
1	140687
1	140781
1	140868
1	140872
1	140878
0	140889
1	140898
0	140927
1	141027
1	141069
1	141104
1	141117
1	141155
1	141173
1	141240
0	141250
1	141273
1	141276
1	141280
1	141321
0	141334
1	141381
0	141389
1	141465
0	141498
0	141606
0	141619
1	141648
0	141706
1	141737
1	141796
1	141800
1	141874
0	141890
0	141913
1	141960
1	141998
1	142039
1	142044
1	142047
1	142089
0	142117
0	142119
1	142120
1	142128
1	142191
0	142214
1	142246
0	142269
0	142391
0	142421
1	142426
1	142506
1	142537
1	142539
0	142592
1	142604
0	142646
1	142689
1	142717
1	142777
1	142900
0	142920
0	142959
0	142960
1	142962
1	142986
0	143022
1	143055
1	143078
1	143177
1	143181
0	143215
1	143322
1	143358
1	143411
1	143412
1	143425
0	143452
1	143491
1	143506
1	143513
0	143521
0	143547
0	143568
1	143571
0	143608
1	143609
0	143700
1	143780
1	143783
0	143787
0	143816
1	143819
1	143879
1	144173
1	144205
1	144221
0	144276
1	144305
0	144478
1	144549
0	144653
1	144693
0	144705
1	144812
1	144906
1	144950
0	144995
1	145070
1	145091
0	145149
1	145164
1	145211
1	145264
0	145273
0	145275
0	145423
0	145482
1	145509
0	145511
0	145539
1	145603
1	145787
1	145788
1	145881
1	145890
1	145892
1	145941
0	145951
0	145955
1	145990
0	146073
1	146133
1	146167
1	146183
1	146193
1	146217
1	146219
1	146257
1	146266
0	146273
0	146287
0	146297
0	146308
1	146347
0	146473
0	146514
1	146549
0	146571
0	146572
0	146596
0	146622
0	146624
0	146730
1	146735
1	146824
0	146887
0	146903
1	146904
1	146958
1	146996
0	147031
0	147120
1	147131
1	147144
0	147181
1	147200
0	147252
1	147263
1	147334
0	147335
1	147341
1	147410
1	147431
1	147436
1	147440
1	147450
1	147526
1	147583
1	147677
0	147684
0	147697
1	147762
0	147882
1	147886
0	147943
0	148078
1	148140
0	148146
1	148309
1	148340
0	148354
0	148390
1	148448
0	148529
0	148580
0	148701
0	148736
1	148740
1	148747
1	148761
0	148809
0	148814
1	148852
0	148858
1	148879
0	148947
1	149059
0	149232
1	149246
0	149310
1	149311
1	149339
0	149395
0	149402
1	149414
1	149507
0	149593
1	149622
0	149627
1	149695
1	149809
0	149816
0	149824
0	149935
1	149957
0	149972
0	150078
1	150079
1	150082
0	150083
1	150150
0	150180
1	150223
1	150384
1	150413
0	150512
0	150663
1	150698
0	150742
1	150745
1	150825
1	150827
1	150833
1	150893
0	150913
1	150952
1	151041
0	151121
0	151163
1	151176
0	151206
1	151299
0	151301
1	151358
0	151419
1	151432
1	151442
1	151447
0	151486
0	151491
1	151503
0	151540
1	151656
0	151661
1	151668
1	151669
1	151697
1	151715
0	151761
1	151827
1	151892
0	151965
1	152051
1	152056
0	152112
0	152133
0	152145
0	152159
0	152194
0	152265
0	152286
0	152306
0	152367
1	152389
1	152416
0	152468
1	152476
0	152490
1	152639
1	152810
1	152849
1	152854
1	152874
0	152938
1	152945
1	153063
1	153065
1	153073
1	153074
0	153094
0	153172
1	153202
0	153229
0	153341
1	153342
0	153382
1	153443
1	153448
1	153508
1	153529
0	153541
0	153543
0	153617
1	153705
1	153739
0	153750
1	153799
0	153811
1	153872
0	153874
1	153901
1	153909
1	153951
1	153968
0	153995
0	154020
1	154040
1	154070
0	154127
1	154143
1	154155
1	154201
0	154221
1	154235
1	154247
1	154383
0	154420
1	154422
0	154425
1	154441
1	154472
0	154538
0	154551
0	154588
0	154646
1	154678
0	154933
1	154941
1	154949
1	154970
0	155169
1	155176
1	155240
1	155294
1	155384
1	155475
1	155562
1	155649
1	155658
0	155671
1	155687
0	155709
1	155743
0	155762
1	155785
0	155835
0	155855
1	155861
0	155871
1	155872
1	155887
1	155889
0	155898
1	155903
1	155934
0	156054
0	156078
1	156085
0	156091
1	156105
0	156128
0	156136
0	156169
1	156200
1	156263
0	156284
1	156374
1	156577
1	156623
0	156670
1	156689
1	156805
1	156818
1	156833
1	156933
1	156972
1	157023
0	157067
1	157107
1	157120
0	157287
0	157289
0	157290
0	157318
0	157330
0	157345
1	157361
0	157365
0	157381
1	157384
0	157482
0	157527
1	157599
0	157605
0	157650
0	157651
1	157654
1	157655
1	157691
1	157701
0	157736
0	157739
0	157744
1	157749
0	157752
1	157789
1	157796
1	157821
1	157835
0	157930
1	158018
0	158069
1	158089
0	158239
0	158264
0	158310
1	158328
0	158347
1	158420
0	158429
1	158440
1	158445
0	158513
0	158592
1	158594
1	158693
1	158808
0	158821
0	158842
1	158856
1	158876
1	158885
0	158947
1	159011
0	159048
1	159070
1	159210
1	159220
1	159223
0	159303
0	159314
1	159392
1	159398
1	159440
0	159632
1	159655
1	159741
1	159787
1	159831
1	159874
1	159881
0	159890
0	159923
1	160017
1	160043
0	160099
0	160113
0	160133
1	160166
1	160266
0	160310
1	160411
0	160420
1	160430
1	160586
0	160601
1	160608
0	160683
1	160692
0	160696
1	160709
0	160719
1	160787
1	160816
0	160839
1	160861
1	160863
0	160868
0	160888
1	160917
0	160938
0	160967
1	161033
1	161041
1	161072
0	161186
1	161199
1	161200
1	161222
0	161234
1	161257
0	161274
0	161342
0	161356
0	161370
0	161379
1	161481
1	161482
0	161530
1	161576
0	161600
0	161638
1	161682
0	161725
0	161749
1	161787
1	161804
0	161818
1	161848
1	161882
1	161938
0	161987
1	161999
1	162013
1	162018
0	162022
1	162023
1	162030
1	162154
0	162168
0	162184
0	162211
1	162214
1	162256
0	162330
0	162366
0	162370
1	162409
1	162419
1	162490
1	162665
1	162702
0	162750
1	162751
0	162764
1	162770
1	162804
0	162841
1	162908
0	162941
0	163017
1	163092
1	163128
1	163139
1	163167
0	163186
1	163195
0	163292
1	163443
1	163446
0	163453
1	163457
0	163460
1	163512
0	163544
1	163548
1	163575
1	163591
1	163638
0	163714
1	163730
1	163766
1	163768
0	163770
1	163774
1	163792
1	163857
0	163859
0	163918
0	163998
0	164099
1	164107
1	164111
1	164124
1	164171
1	164194
1	164227
1	164237
0	164247
0	164289
1	164316
0	164365
1	164387
0	164412
0	164505
0	164537
1	164576
1	164686
1	164751
0	164790
1	164831
1	164843
1	164851
1	164955
1	164975
0	165022
0	165038
1	165043
0	165075
0	165089
1	165112
1	165137
0	165144
0	165201
0	165212
1	165230
1	165285
1	165304
1	165318
0	165321
0	165335
1	165337
0	165343
0	165385
0	165426
0	165507
0	165533
0	165562
1	165619
1	165712
0	165786
1	165898
0	165939
0	165945
1	165971
0	166029
1	166048
0	166106
0	166121
1	166135
0	166241
1	166308
1	166335
0	166520
1	166529
0	166546
0	166571
1	166597
1	166599
0	166614
0	166623
0	166664
1	166676
0	166685
1	166758
0	166793
1	166799
1	166876
0	166946
1	166960
0	166962
1	166995
0	167006
1	167053
1	167057
1	167107
0	167126
1	167175
1	167221
1	167271
0	167278
1	167323
1	167340
0	167399
1	167401
0	167415
1	167453
0	167522
0	167523
1	167584
1	167666
1	167702
1	167714
0	167795
1	167797
1	167836
0	167848
0	167882
1	167955
0	167961
0	168005
1	168015
1	168032
1	168080
0	168122
0	168133
1	168151
1	168269
1	168303
0	168306
0	168328
0	168342
0	168370
0	168374
1	168418
0	168446
0	168469
0	168510
0	168520
0	168522
0	168602
1	168621
1	168625
0	168722
1	168807
1	168890
0	168902
1	168907
1	168965
1	169006
0	169011
0	169028
0	169077
1	169098
0	169129
0	169181
1	169222
0	169231
1	169235
0	169238
1	169264
1	169271
0	169323
1	169328
1	169358
0	169376
1	169406
1	169497
1	169504
1	169590
1	169608
0	169680
1	169728
0	169740
0	169756
0	169783
1	169811
1	169874
1	169907
0	169914
1	169917
1	169932
1	169971
1	170020
0	170063
1	170096
0	170171
1	170206
1	170212
1	170391
1	170394
1	170436
1	170442
1	170470
1	170471
0	170499
1	170519
0	170561
0	170594
0	170640
0	170746
1	170798
0	170848
0	170867
0	170966
0	170992
0	171012
0	171060
0	171074
1	171193
1	171195
1	171259
1	171362
0	171454
1	171492
1	171550
1	171644
1	171751
1	171762
1	171808
1	171809
0	171857
0	171885
0	171887
0	171917
1	171931
0	171948
0	171990
0	172053
1	172142
0	172147
1	172157
0	172197
0	172288
1	172290
1	172304
1	172332
1	172369
0	172418
0	172458
0	172476
0	172477
1	172486
1	172492
0	172594
0	172609
0	172627
0	172637
0	172638
0	172672
1	172701
0	172710
0	172723
0	172749
0	172784
1	172912
0	172922
1	173008
0	173018
0	173065
1	173079
1	173136
1	173224
1	173255
1	173295
1	173329
1	173340
0	173372
1	173388
0	173416
1	173428
0	173491
0	173500
1	173502
1	173541
1	173638
0	173639
0	173696
1	173725
1	173762
1	173972
1	173989
0	174010
0	174237
1	174352
1	174358
0	174453
1	174495
1	174617
0	174644
1	174710
0	174712
0	174742
1	174747
1	174759
1	174782
1	174815
0	174824
1	174825
0	174842
0	175009
1	175039
0	175070
1	175081
1	175124
1	175169
1	175193
1	175211
1	175214
0	175233
1	175236
0	175271
1	175279
1	175326
0	175334
1	175368
1	175379
0	175387
1	175424
1	175441
0	175481
1	175569
1	175610
1	175611
1	175613
0	175681
0	175696
0	175739
0	175740
1	175760
1	175782
1	175784
1	175918
0	175948
0	175952
0	176000
1	176040
0	176047
1	176083
0	176090
0	176174
1	176211
0	176215
1	176353
1	176364
1	176386
0	176526
1	176639
0	176679
1	176799
1	176832
0	176863
1	176907
0	176998
0	177038
0	177064
0	177072
1	177153
0	177183
0	177198
1	177211
1	177250
0	177264
1	177282
1	177337
1	177401
1	177487
0	177490
1	177512
1	177516
1	177517
1	177605
1	177674
0	177699
0	177701
1	177758
1	177771
0	177899
0	177920
1	177937
0	177954
0	178018
1	178020
0	178153
0	178174
0	178206
1	178208
1	178219
0	178258
0	178317
0	178340
0	178374
0	178390
1	178423
1	178446
0	178468
0	178525
0	178560
1	178608
1	178682
1	178714
1	178851
1	178872
1	178926
1	178942
1	179098
1	179127
1	179172
0	179209
1	179369
1	179374
0	179413
0	179553
0	179675
0	179710
0	179754
1	179838
1	179848
0	179872
1	179889
1	179916
1	179924
1	179979
1	180106
1	180115
1	180201
0	180267
0	180383
1	180385
1	180427
1	180441
0	180577
0	180588
0	180604
1	180621
0	180644
0	180675
1	180759
1	180785
0	180850
0	180858
1	180869
0	180906
0	180961
0	181012
1	181039
1	181045
0	181055
0	181063
0	181081
0	181086
0	181087
0	181101
1	181116
0	181147
0	181158
0	181186
1	181248
0	181257
1	181264
0	181302
1	181305
1	181313
0	181371
1	181372
0	181404
1	181461
0	181637
0	181803
0	181826
1	181829
1	181947
0	182012
1	182044
1	182047
1	182066
0	182135
1	182263
0	182284
0	182298
1	182326
1	182331
1	182335
1	182387
1	182457
1	182465
0	182513
0	182698
1	182730
1	182735
1	182740
1	182831
0	182944
1	182970
1	183114
1	183233
1	183265
1	183281
1	183317
1	183354
0	183375
0	183378
1	183392
0	183405
1	183431
0	183435
0	183456
1	183481
1	183508
1	183521
0	183527
1	183589
0	183721
1	183726
0	183744
1	183758
1	183764
1	183772
0	183779
1	183796
0	183836
0	183923
0	183926
0	184021
1	184035
0	184052
1	184063
1	184070
1	184085
1	184096
1	184112
0	184160
1	184185
1	184188
1	184307
0	184334
1	184343
1	184349
1	184374
1	184421
1	184484
1	184588
1	184645
0	184699
0	184801
0	184888
0	184889
0	184900
1	185006
1	185073
0	185123
1	185215
1	185291
1	185309
1	185321
0	185347
1	185406
0	185416
0	185486
1	185506
1	185547
0	185569
1	185586
0	185599
1	185623
0	185806
1	185840
0	185849
0	185895
0	185931
1	186044
1	186116
1	186143
0	186201
0	186412
1	186457
0	186470
0	186478
0	186517
0	186520
1	186562
0	186581
1	186607
0	186720
1	186724
1	186840
1	186864
1	187034
0	187045
0	187080
0	187100
0	187120
0	187178
1	187227
0	187334
1	187409
1	187410
1	187456
1	187459
0	187501
1	187578
1	187604
1	187616
1	187747
1	187843
1	187901
1	187966
0	187973
0	187987
1	188007
0	188043
0	188056
1	188085
1	188126
1	188142
1	188145
0	188203
1	188387
0	188388
1	188411
1	188461
0	188553
1	188601
1	188700
1	188724
0	188725
0	188738
1	188753
0	188802
0	188836
1	188843
0	188974
1	189004
1	189007
1	189009
1	189065
1	189098
0	189138
0	189151
0	189155
1	189212
1	189213
0	189279
0	189314
1	189395
1	189416
1	189434
1	189456
0	189457
1	189501
1	189506
0	189537
0	189643
0	189659
0	189688
0	189778
1	189796
1	189846
0	189878
1	189914
0	189942
0	190015
1	190126
0	190262
0	190320
0	190401
1	190405
0	190407
0	190465
0	190494
1	190495
0	190509
0	190560
0	190612
0	190638
0	190655
0	190664
0	190684
0	190698
0	190715
0	190723
0	190746
0	190791
0	190828
0	190832
0	190870
0	190891
0	190918
1	190934
0	191031
0	191054
0	191061
1	191082
1	191132
1	191134
1	191169
0	191198
1	191282
1	191368
1	191463
1	191502
1	191509
0	191583
1	191592
1	191599
0	191688
1	191827
1	191858
0	191950
0	192026
1	192062
1	192073
0	192109
0	192166
0	192175
1	192282
0	192289
0	192316
0	192344
1	192401
1	192436
0	192465
1	192525
0	192545
1	192560
1	192594
0	192608
0	192631
0	192640
1	192641
0	192735
1	192825
1	192981
1	193019
1	193023
1	193119
0	193142
1	193397
0	193502
1	193505
1	193646
0	193648
1	193657
1	193661
1	193709
1	193741
0	193751
1	193763
0	193783
1	193845
1	193859
1	193865
1	193931
1	193953
1	193955
0	193960
1	193983
0	194076
0	194156
1	194250
1	194301
1	194314
0	194336
0	194352
1	194369
1	194378
0	194380
0	194393
0	194416
1	194491
1	194518
0	194623
1	194630
0	194742
0	194771
0	194794
1	194797
1	194871
1	194874
0	194885
1	194908
0	194915
1	194948
0	194977
0	194982
1	194985
1	195076
1	195149
1	195212
1	195242
0	195265
0	195312
1	195361
0	195381
1	195393
1	195429
1	195495
1	195540
1	195556
0	195709
1	195737
1	195739
0	195752
0	195799
0	195948
1	195957
1	195996
0	196032
1	196071
0	196079
0	196083
1	196104
0	196112
0	196161
1	196191
0	196209
0	196232
0	196234
1	196259
0	196322
1	196326
1	196337
0	196404
1	196414
0	196437
1	196452
0	196498
1	196559
0	196584
0	196591
1	196598
0	196636
0	196679
0	196744
0	196747
1	196787
1	196928
1	197019
1	197031
0	197051
1	197121
0	197151
0	197166
1	197211
1	197333
0	197341
0	197412
1	197413
1	197433
1	197482
1	197506
0	197514
1	197574
0	197576
1	197588
0	197593
1	197644
1	197648
0	197674
0	197683
1	197822
0	197825
0	197876
1	197911
1	197927
0	197938
1	197969
0	197978
1	197988
1	198003
0	198046
1	198080
0	198184
1	198200
1	198287
0	198333
1	198337
1	198356
0	198400
1	198406
1	198460
1	198539
1	198564
1	198574
0	198583
1	198594
0	198643
1	198699
1	198743
1	198752
1	198776
0	198777
0	198787
1	198806
0	198809
0	198899
1	199015
1	199022
0	199023
1	199052
1	199055
0	199123
0	199158
1	199166
1	199220
1	199229
1	199246
1	199315
1	199328
1	199399
1	199413
1	199434
0	199529
1	199631
1	199668
0	199682
1	199699
1	199765
1	199794
0	199812
1	199883
0	199930
0	199992
0	200050
1	200109
0	200234
1	200274
0	200294
1	200337
0	200393
1	200406
0	200430
1	200462
1	200495
1	200506
1	200561
0	200637
1	200663
0	200675
0	200804
1	200807
1	200814
1	200848
1	200906
1	200925
0	200940
1	200964
1	200969
0	200971
1	200977
0	201002
1	201027
0	201122
0	201124
0	201251
1	201292
0	201412
1	201423
1	201453
1	201560
0	201639
0	201828
1	201840
1	201863
1	201867
1	201882
0	201917
0	201955
0	201974
0	202097
1	202141
0	202325
0	202357
1	202406
0	202415
1	202442
0	202459
0	202470
1	202477
1	202482
0	202536
0	202624
0	202688
1	202724
0	202812
0	202855
1	202891
1	202979
0	202999
1	203001
0	203133
1	203214
1	203298
0	203323
1	203329
0	203336
0	203363
1	203444
1	203450
1	203470
0	203501
1	203508
0	203692
0	203790
1	203804
1	203820
1	203842
1	203907
1	203914
1	203917
1	203928
0	203962
0	203990
1	204007
1	204011
1	204016
1	204053
1	204058
1	204214
1	204283
0	204307
1	204341
0	204379
0	204440
0	204464
1	204510
0	204573
1	204587
1	204657
1	204732
0	204745
1	204747
0	204789
0	204881
1	204905
0	204918
1	204969
1	205053
0	205179
0	205232
0	205266
1	205294
1	205300
0	205314
1	205318
0	205325
1	205392
1	205475
0	205490
1	205591
1	205631
0	205634
0	205779
0	205792
1	205803
1	205854
0	205879
1	205912
1	205922
1	205932
1	205963
0	205998
1	206071
1	206091
1	206124
1	206197
1	206282
0	206304
0	206320
0	206325
1	206340
0	206351
0	206361
0	206376
1	206414
0	206435
1	206487
0	206543
0	206569
0	206582
0	206585
1	206651
1	206664
0	206707
1	206784
1	206829
0	206831
1	206855
1	206863
1	206883
0	206902
1	206927
0	206967
1	207080
0	207108
1	207163
1	207237
1	207432
0	207445
0	207475
0	207576
0	207577
0	207605
0	207610
1	207655
1	207691
1	207722
1	207731
1	207736
1	207738
0	207774
1	207788
1	207898
1	207979
1	208020
1	208034
1	208117
1	208131
0	208146
1	208289
1	208294
1	208325
0	208335
0	208388
1	208390
0	208391
0	208394
0	208404
1	208455
0	208528
0	208589
1	208590
1	208659
1	208757
0	208779
0	208800
0	208837
1	208860
0	208922
0	209080
0	209095
1	209110
1	209118
1	209142
0	209176
0	209235
0	209267
1	209274
1	209319
1	209374
1	209392
0	209458
1	209467
1	209485
0	209550
1	209571
1	209673
1	209682
0	209738
0	209851
1	209916
0	209933
0	209946
0	209972
0	209973
0	209978
0	210022
1	210058
0	210092
1	210114
1	210174
1	210216
0	210238
1	210324
0	210381
0	210411
0	210533
1	210631
1	210668
1	210705
1	210710
1	210804
1	210915
1	210941
1	210950
1	210972
1	210975
1	210981
1	210989
1	211005
1	211029
0	211045
0	211088
0	211124
0	211139
1	211238
0	211345
1	211357
0	211399
1	211438
0	211504
1	211764
0	211772
1	211799
1	211813
0	211861
1	212010
1	212024
1	212067
0	212084
0	212116
1	212140
1	212145
0	212172
1	212251
1	212323
0	212331
1	212339
0	212396
1	212420
1	212461
1	212589
1	212596
1	212609
0	212716
1	212728
1	212734
1	212741
1	212778
1	212832
0	212874
0	212875
0	212890
0	212907
0	212986
0	213002
0	213012
0	213050
0	213053
1	213077
0	213105
0	213125
1	213127
0	213196
1	213239
1	213243
0	213262
0	213470
0	213504
0	213553
0	213631
1	213673
0	213674
1	213693
1	213721
0	213797
1	213798
1	213801
1	213812
0	213853
1	213902
1	213939
0	213967
1	213968
1	213983
0	214001
1	214012
0	214025
0	214083
0	214309
1	214356
1	214410
1	214444
0	214450
1	214459
1	214465
0	214480
1	214510
0	214540
1	214608
1	214640
1	214651
0	214714
0	214730
1	214747
0	214766
0	214812
0	214874
0	214908
1	214965
0	214997
1	215010
0	215064
0	215096
0	215114
1	215144
1	215150
1	215242
0	215267
1	215291
0	215304
1	215316
1	215408
0	215444
0	215448
1	215454
1	215458
0	215496
1	215498
0	215517
0	215564
0	215568
0	215603
1	215614
1	215619
1	215654
0	215707
0	215772
0	215836
1	215842
0	215854
0	215900
1	215915
1	215926
0	216068
0	216069
0	216137
0	216203
0	216241
1	216251
0	216274
1	216397
0	216432
0	216482
0	216569
1	216640
1	216654
1	216688
1	216774
1	216780
0	216814
1	216831
1	217024
1	217076
0	217089
0	217090
0	217096
1	217105
1	217157
1	217187
0	217189
1	217213
1	217252
1	217272
1	217305
0	217375
1	217425
1	217436
1	217482
0	217538
1	217579
0	217589
1	217634
1	217670
1	217692
0	217698
0	217737
1	217749
0	217764
1	218018
1	218116
1	218188
1	218210
0	218212
1	218235
0	218285
0	218303
0	218336
1	218354
0	218392
1	218399
0	218433
0	218457
1	218510
1	218520
0	218546
1	218657
1	218702
1	218771
0	218773
0	218784
0	218785
1	218878
0	218893
1	218906
1	218934
1	218986
0	218997
1	219002
0	219003
0	219004
0	219029
0	219157
1	219189
0	219218
0	219229
1	219232
1	219280
0	219281
0	219299
0	219304
1	219315
0	219341
0	219438
1	219482
0	219527
1	219634
0	219660
0	219671
0	219703
0	219758
1	219761
1	219859
1	219945
1	219970
0	220045
1	220067
1	220073
0	220090
1	220144
1	220249
0	220348
1	220375
0	220419
0	220422
1	220449
0	220550
1	220663
1	220717
0	220767
1	220788
1	220805
1	220850
1	220899
1	220927
0	221010
1	221045
0	221072
0	221083
1	221138
0	221141
1	221148
0	221149
1	221223
1	221239
1	221266
0	221455
1	221485
1	221553
1	221590
0	221649
0	221680
1	221686
1	221705
0	222028
1	222059
1	222143
0	222204
0	222224
1	222337
1	222374
1	222416
1	222438
0	222451
0	222502
1	222572
0	222644
0	222658
0	222716
0	222735
1	222752
0	222753
1	222788
0	222808
0	222893
0	222905
1	222942
0	222985
1	223014
0	223028
1	223039
0	223073
1	223098
1	223102
1	223138
0	223170
1	223206
1	223268
1	223269
0	223270
1	223356
0	223376
0	223399
1	223462
0	223619
1	223620
1	223633
1	223666
0	223675
1	223691
1	223741
1	223779
0	223804
1	223806
1	223809
1	223815
1	223817
0	223891
1	223895
0	223901
0	223952
1	223967
0	224003
1	224016
0	224061
1	224089
1	224135
1	224151
0	224227
0	224253
0	224260
0	224294
1	224308
1	224351
0	224371
1	224401
1	224413
0	224424
1	224459
0	224478
0	224521
0	224533
1	224545
1	224590
0	224624
1	224625
0	224679
1	224706
0	224708
1	224725
1	224728
0	224802
1	224835
0	224856
1	224860
0	224898
1	224942
1	224983
1	224994
0	225073
1	225327
1	225331
1	225338
0	225356
1	225390
0	225405
1	225431
1	225440
1	225477
0	225501
1	225502
1	225511
0	225514
1	225737
1	225742
1	225744
1	225751
1	225752
0	225843
0	225952
1	226041
0	226094
0	226107
0	226120
1	226135
0	226142
1	226143
0	226168
1	226181
0	226206
0	226298
0	226345
0	226349
1	226362
0	226406
0	226446
1	226454
0	226489
0	226496
1	226525
1	226536
1	226578
1	226597
1	226625
1	226694
0	226699
0	226710
1	226801
0	226816
0	226826
1	227080
1	227104
0	227191
0	227198
1	227225
1	227228
1	227269
1	227294
0	227337
1	227381
1	227397
1	227400
0	227461
1	227489
1	227550
0	227613
1	227614
1	227650
0	227828
0	227829
0	227842
1	227891
0	227921
0	228262
0	228323
1	228446
0	228453
1	228478
1	228523
1	228650
0	228674
1	228676
0	228779
1	228838
0	228852
1	228890
1	228906
1	228930
1	229008
0	229081
1	229119
1	229126
0	229134
0	229176
1	229205
1	229221
0	229383
0	229387
0	229414
0	229425
0	229448
1	229482
1	229501
1	229514
1	229652
1	229662
1	229670
0	229746
1	229857
1	230057
0	230095
1	230156
1	230181
1	230233
0	230275
1	230291
1	230295
1	230351
1	230375
0	230419
1	230461
0	230476
1	230479
1	230539
0	230574
1	230610
0	230654
0	230668
0	230677
1	230697
1	230719
0	230726
0	230736
0	230775
1	230801
1	230865
0	230875
1	230886
1	230940
0	231025
0	231110
1	231128
1	231143
0	231158
1	231179
0	231182
1	231196
0	231222
1	231319
1	231352
1	231397
1	231406
0	231428
1	231520
0	231577
1	231595
1	231605
1	231623
1	231629
0	231647
0	231756
1	231799
0	231814
0	231816
1	231855
1	231886
1	231891
0	231928
0	231944
0	231981
1	231985
0	231986
1	231993
1	232040
1	232116
0	232118
1	232138
0	232139
1	232195
1	232207
1	232210
1	232266
1	232353
0	232363
1	232385
1	232413
1	232416
1	232428
1	232429
0	232437
1	232455
0	232539
1	232605
1	232638
1	232647
1	232651
1	232661
1	232682
0	232695
0	232717
1	232780
1	232799
1	232824
1	232836
1	232858
0	232923
1	232945
1	232998
0	233003
1	233005
0	233017
0	233074
1	233081
0	233108
1	233241
0	233258
0	233267
1	233297
0	233335
0	233359
1	233421
1	233432
0	233457
0	233600
0	233624
1	233765
0	233786
0	233841
1	233877
0	233906
1	233935
1	233938
0	233980
0	234061
0	234069
1	234086
0	234137
1	234156
0	234203
0	234215
1	234246
0	234279
0	234281
0	234299
1	234317
0	234352
1	234429
1	234448
0	234469
0	234483
0	234486
1	234561
0	234680
1	234685
1	234788
0	234835
1	234858
1	234886
1	234889
0	234917
1	234918
0	234930
1	234967
0	235126
0	235158
1	235180
0	235181
1	235218
1	235233
0	235236
1	235248
1	235420
0	235433
0	235521
1	235541
1	235571
1	235580
1	235652
1	235966
1	235990
0	236056
0	236071
0	236089
1	236096
1	236118
0	236119
0	236148
0	236151
0	236194
1	236205
0	236220
0	236233
1	236234
1	236287
0	236398
1	236429
1	236433
1	236436
0	236480
1	236549
1	236580
1	236599
0	236625
1	236665
1	236667
1	236675
1	236704
1	236759
1	236859
1	236897
0	236913
0	236915
1	236937
1	236958
0	237046
1	237050
0	237118
0	237139
0	237142
1	237159
0	237232
0	237233
1	237291
0	237376
1	237527
1	237544
1	237577
0	237580
1	237587
1	237606
0	237655
0	237677
1	237712
1	237715
0	237779
0	237834
1	237946
1	237987
1	238054
0	238065
0	238155
1	238180
0	238205
0	238233
0	238265
0	238369
0	238467
1	238472
0	238519
1	238601
1	238667
0	238704
1	238724
0	238746
1	238750
1	238801
1	238911
1	238978
1	238989
0	239002
1	239006
1	239041
1	239043
0	239094
0	239140
1	239150
1	239156
0	239206
1	239215
0	239233
1	239234
1	239255
1	239337
0	239352
0	239489
1	239512
0	239539
0	239548
1	239562
0	239571
1	239593
1	239637
0	239644
1	239646
1	239799
0	239806
1	239850
0	239857
0	239861
1	239864
0	239965
1	239972
1	240041
0	240056
0	240124
0	240170
0	240189
0	240194
0	240212
0	240223
0	240232
0	240313
1	240328
1	240444
1	240648
0	240689
1	240843
0	240890
1	240925
1	240968
1	240992
1	241083
1	241084
0	241135
0	241280
1	241283
0	241300
0	241373
0	241388
1	241396
1	241427
1	241453
1	241464
1	241496
0	241573
0	241585
0	241618
1	241636
1	241674
0	241697
0	241716
1	241748
1	241768
0	241781
0	241805
0	241829
1	241850
0	241921
1	241964
0	242040
0	242201
1	242266
0	242296
0	242318
1	242333
1	242386
1	242444
1	242451
1	242500
1	242517
1	242572
0	242592
0	242675
0	242679
1	242760
1	242773
0	242784
1	242793
0	242918
1	242919
1	242973
1	243044
0	243061
0	243152
0	243229
1	243240
1	243255
0	243266
1	243363
0	243421
1	243451
0	243534
1	243596
1	243613
1	243623
1	243635
1	243696
0	243748
1	243810
0	243830
1	243836
1	243892
1	243927
1	244005
0	244103
1	244167
1	244178
0	244220
0	244234
1	244294
1	244341
1	244379
1	244389
0	244397
1	244407
0	244426
1	244491
0	244504
1	244564
0	244620
0	244634
1	244651
0	244657
1	244704
1	244784
1	244855
1	244935
1	244948
0	244981
0	245047
1	245070
1	245071
0	245102
1	245320
1	245324
1	245353
0	245426
0	245490
0	245500
0	245537
0	245583
0	245653
1	245686
0	245733
0	245755
0	245765
0	245788
1	245795
1	245842
1	245869
0	245940
1	245943
1	245973
1	246015
1	246094
0	246103
0	246147
1	246158
1	246224
1	246235
0	246254
0	246288
1	246387
0	246481
1	246520
1	246665
1	246667
0	246668
0	246812
1	246813
0	246869
1	246879
0	247028
0	247075
1	247121
1	247158
0	247172
1	247219
0	247316
0	247326
1	247395
0	247420
0	247502
0	247512
0	247590
0	247695
1	247714
0	247752
1	247802
0	247810
1	247853
0	247885
1	247964
1	248006
1	248022
0	248127
1	248167
0	248209
0	248304
1	248345
1	248399
0	248450
0	248456
1	248502
1	248532
1	248628
1	248673
0	248734
0	248809
1	248837
0	248846
1	248954
1	248973
1	249004
1	249079
1	249107
0	249123
1	249135
0	249229
0	249321
0	249418
0	249423
1	249426
0	249495
1	249546
0	249622
0	249635
1	249641
1	249648
1	249656
1	249680
1	249693
0	249741
1	249838
0	249869
1	249877
0	249889
1	249920
1	249954
0	249999
0	250025
1	250050
0	250157
1	250176
0	250262
1	250281
1	250318
0	250322
0	250378
1	250389
0	250494
1	250503
0	250587
0	250606
0	250623
1	250719
0	250731
1	250746
0	250812
1	250815
1	250818
1	250840
1	250885
1	250890
0	250898
1	250929
1	250945
0	250950
0	250968
1	250997
0	251114
0	251233
1	251252
1	251289
0	251296
0	251336
0	251375
1	251449
0	251450
0	251461
0	251512
0	251517
0	251665
0	251702
0	251766
0	251767
1	251788
1	251894
1	251905
0	251940
1	251946
0	251974
0	251986
1	252022
0	252082
0	252132
1	252175
0	252181
1	252188
1	252207
0	252214
0	252228
1	252279
0	252366
1	252367
1	252419
0	252532
1	252533
1	252571
1	252582
0	252657
1	252731
1	252750
1	252851
0	253048
1	253115
1	253116
0	253118
0	253126
0	253192
0	253205
1	253238
1	253250
0	253437
1	253446
0	253463
1	253470
1	253504
0	253644
1	253647
0	253748
0	253776
0	253819
0	253849
0	253898
0	253906
1	254056
1	254058
1	254088
1	254100
0	254119
1	254187
0	254227
1	254250
0	254393
0	254457
0	254523
0	254550
0	254569
1	254602
0	254636
0	254698
0	254743
0	254790
1	254857
0	254892
1	254915
1	255012
0	255019
1	255057
0	255074
1	255076
0	255181
1	255239
1	255252
0	255423
0	255465
0	255489
1	255540
1	255628
0	255635
0	255691
0	255801
1	255869
1	255874
0	255886
0	256042
0	256050
1	256155
1	256179
1	256198
1	256211
0	256234
0	256279
0	256284
1	256334
1	256427
1	256529
1	256593
1	256599
0	256749
0	256806
0	256828
1	256853
1	256871
1	256879
0	256904
0	256910
1	256950
1	256956
0	256969
0	257041
0	257123
0	257218
1	257238
0	257260
1	257285
1	257346
1	257362
0	257506
0	257572
0	257604
1	257626
1	257629
1	257639
1	257669
1	257730
1	257739
1	257773
0	257779
0	257836
1	257882
1	257885
0	257888
0	257901
0	257905
1	257936
0	257947
0	257983
0	258029
0	258107
1	258238
0	258239
1	258291
1	258385
0	258414
0	258425
0	258431
0	258438
0	258444
1	258447
0	258477
1	258511
0	258557
1	258583
1	258591
1	258593
1	258594
0	258601
0	258611
1	258619
1	258640
1	258694
1	258697
0	258719
1	258736
1	258794
1	258818
1	258876
1	258974
1	259033
1	259112
1	259151
1	259202
0	259228
0	259239
1	259245
1	259270
1	259271
0	259296
0	259299
1	259388
1	259423
1	259429
1	259489
1	259503
1	259534
0	259578
0	259601
1	259619
1	259661
0	259669
1	259697
0	259779
0	259813
0	259873
0	259876
1	259919
1	259922
0	259939
1	259969
0	259985
1	260018
1	260056
0	260086
0	260125
1	260260
0	260296
1	260298
1	260301
1	260330
0	260436
1	260521
0	260610
1	260696
0	260767
0	260805
0	260841
1	260918
0	260983
1	261018
0	261083
1	261135
1	261145
0	261178
0	261416
0	261430
1	261539
0	261600
0	261617
0	261653
0	261661
1	261689
0	261712
0	261904
0	261999
0	262006
0	262055
0	262061
1	262080
0	262109
0	262149
0	262159
1	262177
0	262183
1	262199
1	262231
0	262233
1	262253
1	262297
1	262323
0	262370
1	262466
1	262497
1	262498
1	262508
0	262575
1	262632
0	262649
0	262657
1	262786
0	262850
1	262890
1	262897
0	262920
0	262998
0	263018
1	263093
1	263094
1	263122
1	263138
1	263220
0	263283
1	263300
0	263312
1	263372
1	263423
1	263428
1	263452
0	263461
1	263552
0	263557
0	263652
0	263681
0	263707
1	263714
1	263731
0	263770
1	263787
1	263909
1	263959
1	263977
1	264081
0	264086
1	264088
0	264118
0	264144
1	264146
0	264164
1	264166
1	264168
0	264193
1	264205
1	264212
0	264272
1	264292
1	264313
0	264338
1	264365
1	264431
0	264440
1	264505
0	264509
0	264550
0	264663
0	264716
1	264738
0	264770
1	264771
0	264790
0	264859
1	264944
1	264985
0	264999
0	265003
0	265011
1	265014
0	265082
0	265128
0	265182
1	265187
1	265301
0	265370
1	265373
1	265380
1	265382
1	265428
1	265429
1	265495
0	265496
0	265554
1	265558
1	265577
1	265595
0	265629
0	265716
0	265730
1	265754
1	265771
1	265813
0	265851
1	265894
0	265920
1	265931
0	265943
1	265961
1	265969
0	266004
0	266071
1	266074
0	266087
1	266093
1	266099
1	266129
1	266134
1	266143
1	266172
0	266174
1	266192
0	266220
0	266225
0	266241
1	266283
0	266318
1	266322
0	266336
0	266400
0	266453
1	266468
1	266509
1	266604
1	266673
1	266691
1	266704
0	266720
1	266741
0	266792
0	266849
0	266865
1	266990
1	267065
0	267120
0	267159
1	267240
0	267248
0	267256
0	267291
1	267306
1	267400
1	267426
0	267466
1	267513
0	267568
1	267587
0	267766
0	267772
1	267789
0	267904
0	268049
0	268073
0	268085
1	268110
0	268111
1	268225
0	268271
1	268277
1	268293
1	268336
0	268365
0	268366
1	268368
0	268398
0	268403
1	268434
0	268505
1	268551
1	268629
1	268641
1	268741
1	268869
1	268880
1	268941
0	268958
0	268997
1	269049
1	269102
1	269180
0	269194
0	269264
1	269314
0	269322
1	269339
1	269348
1	269360
0	269380
0	269436
0	269486
1	269495
0	269599
1	269606
1	269623
1	269679
0	269793
1	269800
0	269804
0	269808
0	269825
0	269827
1	269853
1	269909
1	269920
1	269961
1	270082
1	270137
1	270242
1	270320
1	270470
0	270478
1	270500
1	270554
1	270560
0	270565
0	270574
0	270583
0	270630
0	270651
1	270652
0	270672
1	270730
1	270760
1	270764
0	270825
1	270893
0	270898
0	270979
0	271001
1	271100
1	271159
1	271242
0	271263
0	271292
1	271438
0	271468
0	271501
1	271534
1	271543
1	271571
1	271584
0	271672
1	271682
1	271696
1	271806
0	271815
0	271851
0	271969
1	271986
1	272005
0	272036
0	272066
0	272087
0	272101
1	272140
1	272212
0	272322
1	272330
0	272331
1	272440
1	272460
1	272508
1	272682
0	272713
0	272789
0	272858
0	272888
0	272894
0	272908
1	272956
0	272995
0	273003
0	273005
1	273017
0	273060
0	273161
1	273163
0	273172
1	273203
1	273269
0	273293
0	273298
1	273332
0	273355
0	273362
0	273376
1	273395
1	273432
1	273532
0	273554
0	273574
1	273587
1	273624
1	273671
0	273691
0	273699
1	273825
0	273854
0	273869
0	273958
1	274005
1	274019
0	274025
1	274037
1	274087
0	274110
1	274132
0	274133
1	274176
1	274213
0	274287
0	274366
1	274370
1	274371
0	274417
0	274420
0	274432
0	274489
1	274506
1	274610
0	274630
1	274681
0	274729
1	274733
1	274749
0	274760
1	274802
1	274811
1	274816
0	274890
0	274935
0	275009
1	275073
0	275234
0	275352
0	275377
0	275383
1	275438
1	275439
0	275470
0	275471
1	275480
0	275483
0	275484
0	275506
0	275554
1	275592
1	275649
0	275662
1	275840
1	275845
1	275867
0	275952
1	275971
1	275978
0	276028
1	276040
1	276137
1	276178
0	276192
1	276305
0	276320
0	276370
1	276402
0	276405
0	276412
0	276455
1	276480
1	276481
1	276482
1	276641
0	276769
1	276779
1	276856
1	276879
1	277005
1	277011
1	277013
1	277024
0	277041
0	277053
0	277096
0	277141
1	277188
0	277194
1	277230
1	277349
0	277411
1	277498
0	277560
0	277574
1	277577
0	277596
1	277598
0	277678
1	277724
0	277765
0	277814
0	277837
0	277900
0	277935
0	277966
0	277999
1	278000
1	278008
1	278025
1	278076
1	278100
1	278149
0	278165
0	278171
1	278218
0	278258
0	278271
1	278305
0	278332
1	278333
0	278382
0	278397
1	278478
0	278487
0	278536
0	278553
1	278647
1	278696
1	278746
0	278759
1	278864
1	278948
1	278993
0	279010
0	279016
1	279043
1	279049
1	279084
0	279162
0	279191
0	279197
0	279250
0	279339
0	279340
1	279358
0	279375
0	279394
0	279465
1	279467
0	279473
0	279496
1	279554
1	279600
0	279632
0	279645
0	279651
0	279690
1	279701
1	279714
1	279723
0	279785
0	279906
1	279912
1	279915
1	279959
0	280011
1	280030
1	280066
1	280131
0	280166
1	280170
1	280184
0	280213
0	280231
1	280235
1	280259
0	280313
1	280370
1	280371
0	280387
1	280400
1	280434
0	280438
0	280510
1	280543
0	280559
0	280564
0	280576
0	280594
1	280646
1	280698
0	280739
1	280762
0	280781
1	280828
1	280836
1	280874
1	280884
1	280923
1	280993
0	281033
0	281101
1	281135
0	281160
1	281172
1	281193
1	281223
0	281273
1	281333
1	281382
1	281528
1	281542
0	281555
1	281718
0	281725
1	281780
1	281841
0	281859
0	281873
0	281986
0	282005
0	282010
1	282030
0	282053
1	282114
1	282178
0	282247
0	282309
0	282312
1	282356
1	282410
0	282505
0	282569
1	282587
1	282598
1	282745
0	282748
0	282767
0	282943
0	282953
0	282975
1	283008
0	283050
0	283080
0	283090
1	283127
0	283205
1	283223
0	283230
0	283254
1	283304
0	283351
1	283357
0	283405
0	283523
1	283547
1	283613
1	283631
0	283644
1	283683
1	283700
1	283742
1	283761
1	283859
1	283881
1	283992
1	284008
1	284018
1	284039
0	284104
1	284160
0	284161
1	284198
1	284222
1	284223
1	284313
0	284367
1	284412
1	284442
1	284467
1	284482
0	284536
1	284573
0	284691
1	284699
1	284829
1	284840
0	284887
0	285017
1	285049
1	285053
1	285077
1	285101
0	285110
0	285224
0	285256
1	285376
0	285387
0	285393
1	285479
1	285501
1	285519
0	285520
0	285527
1	285543
0	285662
1	285663
1	285684
1	285800
1	285825
0	285890
0	285901
1	285934
0	285976
0	285983
1	286005
1	286085
0	286166
1	286189
1	286260
0	286405
1	286416
0	286444
1	286476
0	286530
0	286571
1	286622
0	286626
0	286678
0	286724
0	286775
0	286796
1	286802
1	286814
1	286861
1	286879
0	286999
1	287014
1	287093
1	287128
1	287231
1	287235
1	287260
1	287277
1	287300
1	287305
0	287317
1	287407
0	287486
1	287508
1	287532
0	287580
0	287673
1	287713
1	287753
0	287904
1	287919
1	288039
1	288083
0	288179
0	288213
1	288224
0	288229
0	288232
1	288249
1	288260
0	288269
1	288315
1	288400
0	288404
0	288465
1	288529
1	288536
0	288561
1	288566
0	288568
0	288604
0	288623
1	288651
1	288678
0	288761
1	288800
1	288838
1	288898
0	288905
0	288946
0	289018
1	289033
1	289055
1	289106
0	289159
1	289185
1	289204
1	289233
1	289244
1	289251
1	289272
1	289329
1	289389
1	289437
1	289460
1	289477
0	289520
1	289552
1	289580
1	289636
1	289714
1	289787
1	289831
0	289915
1	289925
0	289928
1	289944
0	289967
1	289977
0	290008
1	290044
1	290047
0	290113
0	290180
1	290236
0	290239
1	290304
0	290350
0	290353
1	290388
0	290451
0	290456
0	290478
0	290492
1	290544
0	290637
0	290676
1	290691
1	290709
0	290730
1	290746
1	290868
1	290886
0	290898
0	290907
1	290954
1	290955
1	291068
0	291129
1	291190
0	291213
0	291242
0	291265
0	291277
1	291384
0	291401
0	291439
1	291527
1	291593
0	291609
1	291613
1	291619
0	291651
1	291676
0	291749
1	291755
1	291796
1	291806
0	291808
1	291826
1	291861
1	292003
0	292064
1	292156
0	292197
1	292224
1	292231
0	292278
1	292330
0	292349
0	292424
1	292425
1	292458
1	292468
1	292584
0	292585
1	292682
1	292717
1	292761
1	292849
1	292883
0	292891
1	292892
0	292951
1	292954
1	292980
0	293121
1	293122
1	293181
0	293194
1	293271
0	293303
0	293526
0	293547
1	293573
1	293590
0	293675
0	293679
1	293717
1	293721
1	293848
1	293873
0	293975
0	294001
0	294126
1	294154
0	294171
1	294443
1	294473
0	294539
0	294607
1	294613
0	294671
0	294693
0	294734
0	294820
0	294862
1	294981
1	294986
0	295034
1	295041
1	295068
1	295075
1	295124
1	295138
1	295196
0	295222
0	295290
0	295296
1	295339
0	295363
0	295370
0	295372
1	295388
0	295420
1	295437
1	295467
1	295479
1	295489
0	295498
0	295544
1	295575
1	295736
0	295781
1	295794
1	295796
1	295817
1	295819
0	295849
1	295873
1	295901
0	295910
0	295916
0	295932
0	295992
0	296002
1	296026
0	296066
1	296112
1	296116
0	296141
1	296178
0	296202
1	296219
0	296261
0	296289
1	296362
0	296446
0	296578
0	296653
0	296671
0	296714
0	296788
1	296845
1	296873
0	296927
0	297011
0	297025
1	297041
1	297078
0	297166
0	297198
0	297267
1	297269
1	297271
0	297318
0	297360
1	297370
0	297392
0	297419
1	297491
0	297529
1	297591
0	297618
1	297643
1	297661
1	297680
1	297751
1	297761
1	297772
0	297816
1	297825
1	297920
1	297939
1	298002
0	298066
1	298067
1	298091
1	298107
1	298135
1	298149
0	298156
0	298204
1	298234
0	298320
0	298333
0	298448
1	298491
1	298494
0	298522
0	298635
1	298714
1	298821
1	298895
1	298921
1	298981
1	299006
1	299058
0	299066
0	299117
0	299129
1	299133
1	299276
1	299287
0	299311
0	299314
1	299336
1	299370
0	299436
1	299477
0	299521
1	299536
0	299545
1	299577
0	299584
1	299625
1	299628
1	299633
0	299647
0	299661
0	299680
1	299787
0	299794
1	299812
1	299946
0	300065
0	300099
0	300106
0	300117
1	300192
1	300210
1	300231
0	300235
1	300359
1	300386
1	300430
0	300461
0	300467
0	300477
0	300509
1	300524
0	300544
0	300584
1	300594
0	300621
0	300703
1	300718
1	300768
1	300774
0	300818
1	300845
1	300937
0	300983
0	301047
0	301077
0	301242
1	301284
1	301303
0	301320
0	301374
0	301401
0	301429
0	301482
1	301541
0	301570
1	301600
1	301604
1	301617
1	301618
1	301632
0	301636
1	301689
0	301703
1	301837
1	301849
1	301906
1	301957
1	301986
1	302022
1	302065
1	302095
1	302168
1	302190
0	302200
1	302204
1	302235
0	302382
1	302391
0	302450
0	302498
1	302582
0	302597
1	302609
0	302705
1	302721
1	302752
1	302761
1	302765
0	302822
0	302854
1	302870
1	302873
1	302935
1	302961
0	302964
1	303083
0	303104
1	303330
0	303356
0	303362
0	303364
0	303451
1	303499
1	303502
1	303565
1	303573
1	303601
0	303694
0	303749
1	303773
1	303782
1	303788
1	303805
1	303809
0	303823
0	303868
1	303900
1	303912
1	303950
0	303965
1	303971
0	304061
1	304085
1	304091
0	304123
0	304206
1	304243
0	304251
0	304268
0	304311
1	304319
1	304321
1	304351
1	304467
1	304499
0	304520
0	304579
0	304619
0	304636
1	304674
1	304680
1	304682
1	304685
1	304768
1	304835
0	304875
1	304955
0	305022
0	305051
1	305105
0	305128
0	305210
1	305243
1	305259
1	305272
0	305328
1	305488
1	305505
1	305508
1	305511
0	305588
0	305589
0	305613
1	305640
0	305716
1	305729
1	305927
1	305983
0	306006
1	306043
1	306053
0	306062
0	306064
1	306077
1	306083
0	306116
0	306216
0	306224
0	306233
1	306274
1	306304
0	306313
1	306319
1	306353
1	306502
1	306556
0	306629
1	306634
0	306643
0	306651
1	306678
0	306723
1	306801
0	306808
0	306811
1	306814
1	306858
1	306922
1	306967
0	307042
0	307113
1	307142
0	307156
1	307198
0	307201
0	307259
0	307263
0	307343
1	307388
1	307447
1	307460
1	307480
0	307505
1	307537
0	307543
0	307550
0	307590
0	307662
0	307761
1	307773
1	307868
0	307995
0	308153
0	308156
1	308178
0	308191
0	308208
0	308236
1	308307
0	308308
0	308360
0	308457
1	308469
0	308500
0	308536
1	308559
0	308646
0	308915
0	308916
0	308941
1	308955
1	308984
0	308997
1	309023
1	309062
0	309080
0	309117
1	309168
1	309194
1	309200
0	309222
1	309292
1	309340
0	309348
1	309392
0	309412
0	309420
1	309464
1	309508
0	309521
1	309615
1	309651
0	309685
0	309695
0	309711
1	309739
1	309770
1	309784
1	309886
1	309914
0	309917
1	309948
0	309983
0	309988
0	310059
1	310082
0	310142
1	310150
1	310164
0	310192
1	310196
0	310270
1	310305
1	310579
0	310584
0	310619
1	310649
1	310680
0	310721
0	310751
1	310813
0	310891
0	310904
0	310917
0	310924
0	310958
1	310991
0	311016
0	311038
0	311046
1	311073
0	311110
0	311118
1	311185
1	311187
1	311199
1	311238
1	311297
0	311348
1	311386
1	311482
0	311507
0	311573
1	311577
1	311602
0	311605
1	311633
0	311711
0	311714
1	311757
1	311790
0	311933
1	311942
1	311960
0	312039
0	312052
1	312185
0	312186
0	312204
1	312267
1	312318
1	312352
1	312377
1	312413
1	312442
0	312481
1	312484
0	312499
1	312553
1	312557
1	312634
1	312638
1	312671
1	312719
0	312748
1	312936
1	312939
0	312947
1	312991
1	313050
1	313132
0	313143
1	313144
0	313161
1	313202
0	313205
1	313267
1	313293
0	313296
1	313347
1	313350
0	313359
1	313377
1	313403
1	313558
1	313579
0	313592
0	313636
0	313654
1	313672
0	313853
1	313984
1	314006
1	314066
1	314069
0	314098
1	314215
1	314264
1	314271
1	314369
1	314378
0	314431
1	314491
1	314553
1	314558
0	314564
0	314584
1	314594
1	314621
1	314623
0	314631
1	314650
1	314702
1	314716
1	314753
1	314756
0	314809
1	314815
1	314862
0	314924
1	315046
1	315073
0	315110
0	315115
0	315126
0	315174
1	315178
1	315264
0	315281
1	315287
1	315298
1	315375
1	315413
1	315428
0	315429
1	315446
0	315447
1	315512
0	315521
1	315560
1	315573
1	315614
1	315631
1	315641
0	315650
1	315805
0	316114
0	316168
0	316216
0	316292
1	316298
1	316306
0	316331
0	316435
1	316450
1	316514
0	316564
0	316633
1	316640
1	316669
1	316670
0	316672
1	316687
0	316736
0	316797
1	316862
0	316889
1	316891
0	316925
1	316959
1	316979
0	316994
0	316997
0	317055
0	317145
0	317153
1	317198
0	317223
0	317259
1	317300
1	317322
1	317373
1	317401
0	317415
1	317421
1	317488
0	317510
0	317633
0	317637
0	317697
0	317711
1	317720
0	317836
1	317867
0	317929
1	317953
1	318003
1	318006
1	318029
1	318040
1	318111
1	318169
0	318183
1	318209
0	318264
1	318265
1	318308
1	318362
1	318400
1	318451
1	318524
0	318555
1	318560
1	318562
0	318581
1	318584
1	318588
1	318606
1	318629
1	318654
1	318679
1	318779
0	318816
0	318866
1	318930
1	318946
0	319041
1	319052
1	319079
0	319100
1	319144
0	319156
1	319165
0	319216
1	319242
0	319261
0	319372
1	319480
0	319489
1	319490
1	319513
0	319529
0	319554
1	319597
0	319617
1	319648
1	319701
1	319709
1	319714
1	319728
1	319802
0	319815
0	319886
0	319956
0	319959
0	319964
0	319981
0	320010
0	320012
1	320074
0	320096
1	320133
1	320149
1	320186
0	320230
1	320287
0	320291
1	320301
1	320315
0	320333
1	320334
1	320376
1	320399
0	320412
1	320449
0	320494
1	320505
1	320553
1	320561
0	320603
1	320626
1	320639
1	320655
1	320761
0	320796
1	320857
1	320876
1	320950
0	320980
0	321002
0	321025
1	321069
1	321088
1	321109
1	321128
0	321162
0	321217
1	321225
0	321252
1	321320
1	321354
1	321381
0	321382
1	321468
1	321520
0	321572
1	321574
1	321584
0	321589
1	321607
1	321621
1	321703
1	321712
0	321758
0	321819
1	321847
1	321879
1	321891
1	321902
1	321910
0	321960
1	322074
1	322076
0	322085
1	322086
1	322133
1	322148
1	322149
0	322186
1	322204
0	322216
0	322230
0	322289
1	322322
1	322346
0	322378
1	322380
1	322397
1	322454
1	322495
0	322508
0	322541
1	322565
0	322566
1	322654
0	322688
1	322721
0	322845
1	322882
0	322895
1	322914
1	322915
0	323013
0	323016
1	323022
0	323054
1	323069
1	323155
0	323193
1	323257
0	323285
0	323301
0	323314
1	323331
1	323387
1	323403
1	323417
0	323424
0	323521
1	323612
1	323622
1	323626
1	323630
1	323744
1	323750
0	323755
0	323779
0	323823
1	323877
0	323887
1	323892
1	323968
1	323983
1	324005
1	324033
1	324119
1	324149
0	324155
0	324161
1	324212
0	324228
1	324235
0	324332
0	324493
1	324542
0	324564
1	324577
0	324607
0	324615
1	324662
0	324798
0	324856
0	324870
1	324877
1	324882
1	324897
1	324925
1	324937
0	324958
0	324965
1	324969
0	325032
0	325047
0	325051
0	325093
0	325102
0	325151
1	325164
0	325168
0	325297
1	325343
0	325405
0	325542
0	325554
0	325729
1	325766
0	325914
0	325985
0	326048
0	326057
0	326126
0	326139
0	326159
0	326199
0	326266
0	326325
1	326346
1	326373
1	326443
1	326566
1	326587
1	326617
1	326695
1	326706
1	326779
1	326820
1	326855
0	326860
1	326979
1	326993
1	327015
0	327024
1	327055
0	327076
1	327162
0	327198
1	327283
1	327318
1	327339
0	327558
0	327616
1	327624
1	327659
1	327800
1	327802
1	327959
1	327980
0	328033
1	328050
1	328084
1	328121
0	328176
0	328191
0	328210
1	328287
0	328292
1	328293
0	328320
0	328347
0	328385
0	328402
0	328414
1	328456
0	328628
1	328633
0	328684
0	328730
1	328814
1	328872
0	328910
0	328995
1	329036
1	329060
1	329087
0	329109
0	329205
1	329431
1	329606
0	329625
1	329653
0	329707
1	329820
1	329823
1	329867
0	329904
0	329913
0	329951
1	329955
0	329976
1	329984
0	330038
1	330059
0	330072
1	330198
1	330222
0	330252
0	330269
0	330292
1	330409
0	330560
1	330605
0	330618
1	330646
1	330665
0	330725
1	330728
1	330741
0	330767
1	330775
1	330827
1	330843
1	330846
1	330880
0	330928
1	330930
0	330963
0	330999
1	331038
1	331051
1	331059
1	331083
1	331111
1	331156
0	331174
0	331337
1	331419
1	331443
0	331463
1	331500
1	331532
1	331533
0	331570
0	331581
1	331616
1	331634
0	331746
0	331855
0	331918
0	331958
0	331959
0	332002
1	332004
1	332097
1	332167
0	332205
0	332277
1	332343
1	332365
1	332370
0	332374
1	332418
1	332429
1	332434
1	332443
0	332470
0	332507
1	332555
1	332563
0	332572
1	332581
0	332609
0	332618
0	332665
0	332679
1	332680
1	332723
1	332779
0	332791
0	332793
1	332922
1	332972
1	332995
0	333007
1	333028
1	333057
1	333086
0	333176
0	333195
0	333363
1	333421
1	333451
0	333494
0	333505
0	333518
0	333553
1	333691
1	333699
1	333748
0	333846
1	333850
0	333934
1	333966
1	334010
1	334023
1	334080
1	334134
1	334139
0	334161
1	334166
1	334178
0	334199
0	334232
0	334317
1	334411
0	334418
0	334420
1	334454
1	334489
1	334543
1	334594
0	334647
0	334664
1	334722
0	334756
0	334780
1	334786
1	334808
1	334815
0	334818
1	334879
1	334886
0	334998
1	335002
1	335003
0	335077
1	335084
0	335169
0	335208
1	335233
0	335266
1	335286
1	335334
0	335383
1	335473
1	335478
0	335565
1	335596
1	335643
1	335664
1	335665
1	335724
1	335736
1	335751
1	335928
1	335984
1	336005
1	336054
1	336133
1	336134
1	336174
1	336261
0	336313
1	336345
0	336355
0	336373
0	336383
0	336407
1	336681
1	336699
0	336825
0	336849
0	336901
0	336911
1	336916
1	337039
1	337088
0	337112
0	337121
1	337127
1	337138
1	337157
1	337208
0	337229
0	337341
1	337352
1	337409
1	337416
1	337419
1	337456
1	337709
1	337725
1	337740
1	337766
1	337804
1	337912
1	337983
0	338035
0	338052
0	338063
1	338072
1	338098
1	338125
0	338156
1	338183
1	338220
1	338243
1	338250
0	338254
1	338269
1	338337
0	338659
1	338793
0	338851
0	338909
1	339031
1	339038
0	339107
1	339162
1	339293
1	339305
0	339310
1	339434
1	339448
1	339491
1	339509
1	339529
1	339610
1	339623
0	339673
1	339688
1	339707
1	339752
1	339771
0	339801
1	339813
0	339825
1	339845
0	339905
0	339913
1	339922
1	339973
0	340013
1	340225
0	340264
1	340293
0	340412
1	340428
0	340468
1	340507
0	340564
1	340573
0	340609
1	340636
0	340650
1	340681
1	340695
1	340732
0	340746
1	340808
0	340824
0	340856
1	340867
1	340929
1	340967
0	340986
0	341018
0	341020
1	341097
1	341107
0	341138
1	341201
0	341229
1	341230
1	341233
0	341291
1	341338
1	341359
0	341379
1	341472
1	341494
1	341540
0	341541
0	341553
0	341556
1	341557
0	341587
1	341633
0	341662
1	341771
0	341774
0	341833
0	341860
0	341872
0	341907
0	341920
0	341959
1	341985
1	342044
1	342088
0	342115
1	342153
1	342168
1	342170
0	342230
0	342273
0	342274
0	342300
1	342303
1	342370
1	342375
0	342478
1	342524
1	342525
1	342530
1	342560
0	342602
0	342611
1	342696
1	342734
0	342779
1	342911
0	342925
1	343059
1	343069
0	343100
0	343107
0	343116
1	343131
0	343142
0	343218
0	343260
1	343274
0	343301
1	343313
1	343410
0	343415
0	343499
0	343712
0	343749
1	343809
0	343818
1	343860
0	343951
0	343961
0	344056
1	344214
1	344354
0	344367
0	344376
1	344411
1	344421
1	344452
0	344540
0	344554
0	344573
1	344576
1	344580
1	344643
0	344724
1	344759
1	344818
1	344834
0	344893
0	344896
1	345018
0	345033
1	345040
1	345045
1	345102
0	345146
1	345150
0	345165
0	345217
1	345331
0	345424
0	345479
1	345502
0	345532
0	345558
1	345633
0	345690
1	345697
1	345718
1	345748
0	345762
1	345817
1	345839
1	345851
0	345866
0	345882
0	345908
0	346048
1	346117
1	346118
1	346120
0	346131
0	346283
0	346290
0	346298
0	346339
1	346358
0	346438
1	346578
0	346688
1	346695
0	346745
0	346777
0	346782
1	346791
1	346794
1	346795
0	346897
0	347022
0	347138
1	347149
0	347229
1	347344
0	347352
0	347379
1	347450
0	347468
1	347521
0	347729
1	347794
1	347807
1	347878
0	347892
0	347985
1	348037
0	348180
0	348188
1	348227
1	348264
0	348274
1	348340
0	348347
0	348371
0	348452
0	348579
1	348620
0	348625
0	348673
1	348735
0	348740
1	348756
1	348899
0	349040
1	349113
1	349201
1	349205
0	349321
1	349395
1	349400
1	349479
1	349518
1	349534
1	349629
0	349682
1	349692
1	349746
0	349831
0	349867
0	349885
0	349896
0	349910
0	349920
0	349959
1	349968
1	349990
1	350027
1	350040
1	350080
1	350108
0	350127
1	350147
0	350167
1	350196
1	350203
1	350304
0	350329
1	350335
1	350349
1	350367
0	350390
1	350392
0	350436
1	350549
0	350592
0	350598
0	350665
1	350719
1	350848
0	350871
0	350906
0	350919
1	351050
1	351082
1	351095
0	351227
0	351245
0	351290
0	351322
1	351361
1	351401
0	351423
1	351430
1	351442
1	351449
0	351450
1	351558
1	351595
0	351628
0	351659
0	351665
0	351772
1	351807
0	351913
1	351948
0	351952
1	351983
1	352014
1	352016
1	352139
0	352147
1	352149
0	352151
0	352197
0	352208
1	352248
1	352295
0	352332
1	352343
0	352355
0	352436
0	352452
0	352466
1	352483
0	352506
1	352569
1	352591
1	352633
1	352659
0	352666
1	352712
0	352781
1	352793
1	352839
1	352856
0	352920
1	352978
0	352989
1	353006
1	353018
1	353047
0	353122
0	353175
0	353180
0	353253
1	353304
1	353324
0	353355
0	353359
0	353392
0	353428
1	353430
1	353470
1	353499
0	353512
1	353614
0	353624
1	353629
1	353630
1	353644
1	353653
1	353656
0	353675
0	353695
1	353732
1	353790
0	353820
1	353917
0	353954
0	354012
0	354084
1	354135
1	354137
0	354186
0	354211
1	354245
1	354262
1	354264
1	354423
1	354453
1	354568
1	354665
0	354701
0	354770
1	354782
1	354785
0	354888
0	354928
0	354951
1	354953
1	355013
1	355127
1	355128
1	355186
0	355221
0	355250
1	355284
0	355381
1	355416
1	355453
0	355575
0	355581
1	355592
1	355640
1	355728
1	355765
0	355771
0	355810
0	355843
0	355940
0	355952
0	355987
1	356043
1	356069
1	356088
1	356131
1	356151
1	356162
1	356170
0	356198
1	356302
0	356304
0	356527
1	356568
1	356637
0	356653
1	356658
1	356697
0	356750
1	356913
1	357186
0	357211
0	357214
1	357222
1	357297
0	357399
0	357405
1	357456
0	357481
1	357513
0	357559
1	357612
0	357621
1	357628
1	357792
0	357798
0	357817
1	358115
1	358144
0	358270
1	358282
1	358349
1	358484
1	358533
1	358550
0	358605
1	358610
0	358763
0	358832
0	358876
1	358922
0	358935
0	358945
1	358946
1	359016
1	359031
0	359076
1	359081
1	359141
0	359145
1	359157
0	359240
1	359243
0	359277
0	359342
0	359347
0	359432
1	359470
1	359494
1	359753
1	359835
1	359850
0	359854
1	359922
1	359927
0	359957
1	360019
1	360031
0	360057
0	360092
1	360125
1	360209
1	360231
1	360242
1	360243
0	360282
1	360288
0	360311
1	360371
1	360400
1	360489
0	360533
1	360538
0	360575
0	360580
0	360620
1	360631
1	360689
0	360886
0	360986
0	361055
1	361061
1	361148
0	361149
0	361173
0	361189
0	361242
1	361314
0	361344
0	361467
1	361487
1	361611
1	361641
1	361649
1	361787
0	361805
1	361825
1	361904
0	361921
0	361924
1	361947
0	361964
1	361978
1	361997
0	362001
1	362022
0	362033
0	362315
1	362334
1	362383
1	362402
1	362478
0	362487
0	362681
0	362720
0	362739
1	362752
0	362847
1	362869
0	362873
0	362897
0	362964
0	362989
1	362997
0	363001
0	363010
1	363013
1	363068
0	363081
0	363117
1	363142
1	363183
0	363192
1	363201
0	363262
1	363266
0	363310
1	363311
0	363321
1	363366
1	363413
1	363440
1	363519
0	363551
0	363552
0	363566
0	363585
1	363588
1	363630
0	363658
0	363760
1	363789
1	363847
1	363849
1	363883
0	363947
1	364032
0	364060
1	364064
0	364113
1	364115
1	364131
1	364138
0	364164
0	364228
1	364302
1	364371
1	364393
0	364406
1	364425
1	364499
1	364510
1	364587
0	364603
1	364709
1	364791
1	364858
0	364860
1	364868
0	364942
0	364947
0	364948
1	364965
1	364972
1	365012
0	365022
1	365040
0	365080
1	365089
1	365179
0	365193
0	365266
0	365301
0	365319
0	365344
0	365386
0	365407
0	365494
1	365526
1	365528
0	365537
0	365647
1	365773
1	365793
0	365838
1	366003
1	366011
1	366055
1	366078
0	366099
0	366134
0	366153
1	366164
0	366224
1	366232
1	366326
1	366329
0	366391
0	366454
1	366504
1	366514
0	366561
1	366570
1	366651
0	366804
1	366824
1	366858
0	366986
1	366992
0	367033
0	367052
1	367098
0	367128
1	367152
1	367170
1	367180
1	367200
1	367207
0	367249
0	367304
1	367345
0	367390
0	367417
1	367463
0	367501
1	367568
0	367610
1	367649
1	367650
1	367762
0	367822
1	367837
1	367844
0	368083
0	368126
0	368147
1	368213
1	368234
1	368239
0	368293
1	368319
0	368320
1	368325
0	368341
1	368345
1	368428
1	368462
1	368558
1	368569
1	368589
0	368601
0	368661
0	368859
1	368871
1	368914
1	368950
1	368959
0	368982
0	369043
1	369052
1	369073
0	369200
1	369226
0	369239
1	369277
1	369294
1	369306
0	369335
0	369343
0	369362
1	369374
0	369395
0	369440
1	369465
1	369473
0	369487
1	369494
1	369503
0	369587
0	369604
1	369607
0	369627
1	369655
0	369670
0	369675
1	369719
0	369727
0	369735
0	369767
1	369784
1	369804
1	369829
0	369878
1	369928
0	370048
0	370065
0	370252
0	370267
1	370284
1	370315
0	370328
1	370388
1	370488
0	370520
0	370545
0	370561
1	370563
0	370585
0	370599
0	370609
0	370639
1	370736
1	370755
0	370763
0	370803
1	370831
1	370857
0	370881
1	370899
0	370998
1	371025
0	371074
0	371097
0	371102
0	371132
1	371149
1	371202
1	371300
0	371449
0	371485
1	371597
1	371604
0	371610
1	371692
1	371778
1	371839
1	371973
0	372063
0	372068
1	372163
1	372173
0	372174
1	372193
0	372207
0	372210
1	372328
1	372329
0	372335
1	372340
0	372448
1	372542
0	372569
1	372584
0	372593
0	372625
1	372626
1	372642
1	372665
0	372698
0	372719
1	372771
0	372796
0	372805
1	372825
1	372831
0	373043
1	373072
0	373107
0	373141
0	373197
1	373207
0	373246
1	373267
1	373283
1	373362
1	373371
0	373391
0	373406
1	373434
0	373471
1	373507
0	373597
0	373619
0	373690
1	373694
1	373786
0	373798
0	373799
1	373900
1	373917
1	374047
1	374071
0	374084
1	374104
0	374117
0	374253
1	374339
1	374369
0	374414
1	374427
1	374590
0	374673
0	374872
1	374930
0	375138
1	375195
1	375202
0	375214
1	375267
0	375303
0	375308
0	375356
1	375368
1	375427
1	375450
1	375469
0	375485
1	375490
0	375513
0	375526
1	375553
1	375576
1	375590
1	375615
1	375746
1	375793
0	375844
1	375858
0	375861
0	375882
1	376003
1	376031
1	376082
0	376113
0	376183
0	376224
0	376240
1	376241
1	376261
1	376301
1	376330
0	376363
0	376379
1	376395
1	376409
0	376410
0	376486
0	376491
1	376543
1	376584
0	376590
1	376602
1	376612
0	376624
0	376632
1	376636
0	376639
1	376646
0	376661
0	376666
0	376789
0	376824
0	376834
1	376906
1	376950
1	376974
1	376983
1	377036
1	377086
1	377101
0	377112
0	377162
1	377191
1	377222
0	377235
0	377371
1	377582
0	377710
0	377760
1	377823
1	377829
1	377831
1	377852
1	377855
1	377991
1	378007
1	378050
1	378164
0	378174
1	378198
1	378231
0	378242
1	378271
1	378315
0	378346
0	378416
0	378456
1	378472
1	378510
1	378528
1	378605
1	378692
1	378701
0	378706
0	378707
0	378729
1	378760
0	378793
1	378809
0	378811
1	378874
0	378947
0	379039
0	379053
1	379081
0	379105
1	379113
1	379179
1	379219
1	379257
0	379455
1	379512
0	379570
0	379702
1	379716
1	379787
1	379820
1	379836
1	379838
0	379847
0	379890
1	379896
1	379912
1	380066
0	380081
1	380096
1	380141
0	380147
0	380158
1	380167
1	380250
1	380277
0	380314
1	380379
0	380401
0	380526
0	380566
0	380607
1	380642
1	380657
0	380716
1	380730
0	380740
1	380747
0	380766
0	380772
1	380827
1	380910
1	380925
1	380949
1	380963
1	380965
0	381168
1	381194
1	381234
1	381267
0	381297
0	381366
1	381423
1	381492
1	381502
0	381569
1	381573
1	381577
0	381666
1	381760
0	381764
1	381793
1	381808
0	381824
1	381827
0	381830
1	381854
0	381985
0	382003
0	382046
1	382104
0	382156
0	382183
1	382300
0	382413
1	382416
0	382463
1	382484
0	382513
1	382516
1	382557
1	382651
1	382682
0	382692
0	382707
1	382724
0	382733
1	382748
1	382826
0	382827
0	382949
1	383007
1	383027
1	383044
1	383054
1	383092
0	383141
1	383171
0	383204
0	383310
0	383382
0	383428
0	383447
1	383553
1	383567
0	383615
0	383700
0	383725
0	383798
1	383820
1	383828
1	383873
0	384005
1	384022
0	384035
1	384043
1	384055
1	384114
1	384197
1	384255
0	384326
0	384419
0	384447
0	384455
1	384460
0	384461
0	384470
0	384566
0	384631
1	384656
1	384693
1	384729
1	384780
1	384865
1	384947
1	384959
0	384969
1	384988
1	384997
0	385033
1	385046
1	385047
0	385051
0	385080
1	385095
0	385102
0	385110
1	385129
1	385149
0	385157
1	385168
1	385222
0	385255
1	385259
0	385271
0	385346
1	385391
0	385400
0	385438
1	385529
0	385542
0	385552
0	385573
0	385579
0	385632
0	385708
0	385741
0	385800
0	385823
1	385834
1	385835
1	385862
1	385870
1	385876
1	385883
0	385892
0	385909
0	386063
1	386078
1	386094
0	386135
1	386146
0	386187
0	386232
0	386284
1	386296
1	386323
0	386333
1	386466
0	386480
0	386483
1	386498
0	386594
1	386598
1	386653
0	386710
0	386736
0	386772
1	387023
0	387071
1	387092
1	387116
1	387199
0	387226
1	387241
0	387281
1	387324
1	387409
1	387415
1	387495
1	387522
1	387548
1	387569
0	387678
0	387814
0	387820
1	387831
0	387884
1	387896
1	387908
1	388028
1	388063
1	388159
1	388168
1	388182
0	388195
1	388239
1	388259
1	388291
0	388292
0	388383
1	388416
0	388450
1	388565
0	388603
0	388614
1	388634
0	388688
0	388722
0	388728
0	388741
1	388769
0	388780
0	388782
1	388887
0	388909
1	388949
0	388955
1	389044
0	389059
0	389063
1	389069
1	389088
1	389199
0	389280
1	389286
1	389289
1	389303
1	389368
0	389402
0	389425
0	389502
0	389528
0	389549
0	389614
1	389631
0	389675
End
